General : Start date,"2019-08-30"
General : End date,"2019-08-30"
General : Unique identifier,"{5FBB2D36-4244-489E-8C55-2C0E84B50411}"
Specimen notes : Length, D1, D2,""
Specimen notes : Genotype and WR,"E13_1_WR3_5S1"

Time,Extension,Load
(s),(mm),(N)
"0.00000","0.00000","0.37619"
"0.10000","0.00009","0.37714"
"0.20000","0.00065","0.38798"
"0.30000","0.00292","0.44166"
"0.40000","0.00561","0.50180"
"0.50000","0.00775","0.54762"
"0.60000","0.00959","0.58576"
"0.70000","0.01126","0.61915"
"0.80000","0.01292","0.65211"
"0.90000","0.01467","0.68568"
"1.00000","0.01647","0.71910"
"1.10000","0.01801","0.74665"
"1.20000","0.01955","0.77481"
"1.30000","0.02116","0.80451"
"1.40000","0.02283","0.83447"
"1.50000","0.02447","0.86388"
"1.60000","0.02614","0.89328"
"1.70000","0.02782","0.92205"
"1.80000","0.02951","0.95065"
"1.90000","0.03120","0.97922"
"2.00000","0.03289","1.00657"
"2.10000","0.03454","1.03298"
"2.20000","0.03614","1.05729"
"2.30000","0.03791","1.08603"
"2.40000","0.03972","1.11427"
"2.50000","0.04144","1.13993"
"2.60000","0.04309","1.16433"
"2.70000","0.04474","1.18915"
"2.80000","0.04639","1.21324"
"2.90000","0.04805","1.23854"
"3.00000","0.04968","1.26268"
"3.10000","0.05126","1.28520"
"3.20000","0.05283","1.30873"
"3.30000","0.05452","1.33509"
"3.40000","0.05619","1.36031"
"3.50000","0.05784","1.38525"
"3.60000","0.05955","1.41098"
"3.70000","0.06118","1.43520"
"3.80000","0.06298","1.46265"
"3.90000","0.06470","1.48746"
"4.00000","0.06635","1.51080"
"4.10000","0.06807","1.53573"
"4.20000","0.06978","1.56036"
"4.30000","0.07137","1.58141"
"4.40000","0.07304","1.60373"
"4.50000","0.07471","1.62725"
"4.60000","0.07630","1.64903"
"4.70000","0.07793","1.67162"
"4.80000","0.07962","1.69513"
"4.90000","0.08129","1.71898"
"5.00000","0.08290","1.74159"
"5.10000","0.08450","1.76463"
"5.20000","0.08618","1.79076"
"5.30000","0.08789","1.81658"
"5.40000","0.08955","1.84173"
"5.50000","0.09121","1.86679"
"5.60000","0.09289","1.89246"
"5.70000","0.09464","1.91919"
"5.80000","0.09638","1.94630"
"5.90000","0.09808","1.97216"
"6.00000","0.09974","1.99705"
"6.10000","0.10142","2.02182"
"6.20000","0.10302","2.04459"
"6.30000","0.10461","2.06693"
"6.40000","0.10620","2.08942"
"6.50000","0.10786","2.11366"
"6.60000","0.10955","2.13819"
"6.70000","0.11124","2.16280"
"6.80000","0.11292","2.18620"
"6.90000","0.11450","2.20716"
"7.00000","0.11622","2.23360"
"7.10000","0.11809","2.26201"
"7.20000","0.11970","2.28423"
"7.30000","0.12135","2.30815"
"7.40000","0.12304","2.33407"
"7.50000","0.12474","2.36071"
"7.60000","0.12638","2.38584"
"7.70000","0.12799","2.40966"
"7.80000","0.12955","2.43365"
"7.90000","0.13121","2.46063"
"8.00000","0.13290","2.48787"
"8.10000","0.13454","2.51369"
"8.20000","0.13621","2.54118"
"8.30000","0.13788","2.56836"
"8.40000","0.13953","2.59590"
"8.50000","0.14120","2.62297"
"8.60000","0.14287","2.65089"
"8.70000","0.14460","2.67951"
"8.80000","0.14620","2.70425"
"8.90000","0.14800","2.73504"
"9.00000","0.14981","2.76552"
"9.10000","0.15149","2.79148"
"9.20000","0.15305","2.81567"
"9.30000","0.15467","2.84286"
"9.40000","0.15632","2.87044"
"9.50000","0.15792","2.89668"
"9.60000","0.15952","2.92290"
"9.70000","0.16115","2.94996"
"9.80000","0.16282","2.97926"
"9.90000","0.16447","3.00751"
"10.00000","0.16617","3.03776"
"10.10000","0.16792","3.06765"
"10.20000","0.16953","3.09356"
"10.30000","0.17117","3.12084"
"10.40000","0.17300","3.15439"
"10.50000","0.17475","3.18504"
"10.60000","0.17637","3.20982"
"10.70000","0.17807","3.23844"
"10.80000","0.17976","3.26581"
"10.90000","0.18142","3.29268"
"11.00000","0.18305","3.31884"
"11.10000","0.18466","3.34507"
"11.20000","0.18623","3.36976"
"11.30000","0.18783","3.39841"
"11.40000","0.18950","3.42585"
"11.50000","0.19121","3.45731"
"11.60000","0.19286","3.48544"
"11.70000","0.19451","3.51408"
"11.80000","0.19622","3.54369"
"11.90000","0.19789","3.57257"
"12.00000","0.19952","3.59901"
"12.10000","0.20124","3.63000"
"12.20000","0.20298","3.66118"
"12.30000","0.20478","3.69329"
"12.40000","0.20648","3.72190"
"12.50000","0.20807","3.74683"
"12.60000","0.20970","3.77403"
"12.70000","0.21138","3.80265"
"12.80000","0.21304","3.82999"
"12.90000","0.21469","3.85720"
"13.00000","0.21633","3.88281"
"13.10000","0.21788","3.90725"
"13.20000","0.21948","3.93493"
"13.30000","0.22117","3.96460"
"13.40000","0.22286","3.99516"
"13.50000","0.22452","4.02426"
"13.60000","0.22620","4.05442"
"13.70000","0.22801","4.08819"
"13.80000","0.22979","4.12096"
"13.90000","0.23143","4.14981"
"14.00000","0.23302","4.17597"
"14.10000","0.23472","4.20707"
"14.20000","0.23641","4.23648"
"14.30000","0.23803","4.26372"
"14.40000","0.23968","4.29236"
"14.50000","0.24129","4.31933"
"14.60000","0.24289","4.34612"
"14.70000","0.24456","4.37664"
"14.80000","0.24622","4.40636"
"14.90000","0.24790","4.43673"
"15.00000","0.24959","4.46729"
"15.10000","0.25121","4.49468"
"15.20000","0.25286","4.52430"
"15.30000","0.25457","4.55569"
"15.40000","0.25622","4.58511"
"15.50000","0.25802","4.62157"
"15.60000","0.25979","4.65380"
"15.70000","0.26146","4.68446"
"15.80000","0.26306","4.71297"
"15.90000","0.26468","4.74217"
"16.00000","0.26638","4.77423"
"16.10000","0.26801","4.80363"
"16.20000","0.26965","4.83388"
"16.30000","0.27126","4.86245"
"16.40000","0.27289","4.89332"
"16.50000","0.27455","4.92468"
"16.60000","0.27623","4.95577"
"16.70000","0.27796","4.98922"
"16.80000","0.27959","5.01869"
"16.90000","0.28132","5.05248"
"17.00000","0.28307","5.08733"
"17.10000","0.28470","5.11782"
"17.20000","0.28637","5.15021"
"17.30000","0.28808","5.18421"
"17.40000","0.28971","5.21554"
"17.50000","0.29133","5.24551"
"17.60000","0.29293","5.27506"
"17.70000","0.29457","5.30731"
"17.80000","0.29622","5.34012"
"17.90000","0.29786","5.37217"
"18.00000","0.29952","5.40569"
"18.10000","0.30121","5.43917"
"18.20000","0.30289","5.47276"
"18.30000","0.30458","5.50584"
"18.40000","0.30622","5.53798"
"18.50000","0.30789","5.57172"
"18.60000","0.30960","5.60605"
"18.70000","0.31130","5.63890"
"18.80000","0.31310","5.67716"
"18.90000","0.31477","5.70949"
"19.00000","0.31639","5.74030"
"19.10000","0.31804","5.77389"
"19.20000","0.31969","5.80577"
"19.30000","0.32134","5.83999"
"19.40000","0.32297","5.87294"
"19.50000","0.32454","5.90400"
"19.60000","0.32618","5.93682"
"19.70000","0.32788","5.97246"
"19.80000","0.32953","6.00613"
"19.90000","0.33124","6.04190"
"20.00000","0.33292","6.07756"
"20.10000","0.33452","6.10848"
"20.20000","0.33634","6.14913"
"20.30000","0.33811","6.18735"
"20.40000","0.33971","6.21838"
"20.50000","0.34145","6.25726"
"20.60000","0.34319","6.29569"
"20.70000","0.34479","6.32890"
"20.80000","0.34637","6.36228"
"20.90000","0.34800","6.39865"
"21.00000","0.34961","6.43393"
"21.10000","0.35117","6.46861"
"21.20000","0.35285","6.50880"
"21.30000","0.35449","6.54637"
"21.40000","0.35616","6.58679"
"21.50000","0.35785","6.62760"
"21.60000","0.35952","6.66674"
"21.70000","0.36121","6.70733"
"21.80000","0.36291","6.74556"
"21.90000","0.36459","6.78420"
"22.00000","0.36642","6.83154"
"22.10000","0.36814","6.87066"
"22.20000","0.36979","6.90801"
"22.30000","0.37147","6.94648"
"22.40000","0.37310","6.98182"
"22.50000","0.37476","7.01940"
"22.60000","0.37640","7.05796"
"22.70000","0.37798","7.09140"
"22.80000","0.37962","7.12893"
"22.90000","0.38123","7.16513"
"23.00000","0.38282","7.20260"
"23.10000","0.38448","7.24209"
"23.20000","0.38617","7.28428"
"23.30000","0.38791","7.32995"
"23.40000","0.38953","7.36616"
"23.50000","0.39125","7.40844"
"23.60000","0.39301","7.45237"
"23.70000","0.39477","7.49653"
"23.80000","0.39644","7.53527"
"23.90000","0.39807","7.57212"
"24.00000","0.39973","7.61122"
"24.10000","0.40138","7.64980"
"24.20000","0.40301","7.68672"
"24.30000","0.40467","7.72398"
"24.40000","0.40635","7.76236"
"24.50000","0.40796","7.79702"
"24.60000","0.40956","7.83105"
"24.70000","0.41120","7.86790"
"24.80000","0.41287","7.90510"
"24.90000","0.41451","7.94078"
"25.00000","0.41610","7.97438"
"25.10000","0.41776","8.01173"
"25.20000","0.41957","8.05544"
"25.30000","0.42139","8.10011"
"25.40000","0.42311","8.13632"
"25.50000","0.42471","8.16520"
"25.60000","0.42640","8.20022"
"25.70000","0.42805","8.23341"
"25.80000","0.42971","8.26574"
"25.90000","0.43133","8.29560"
"26.00000","0.43301","8.32926"
"26.10000","0.43461","8.35907"
"26.20000","0.43622","8.38834"
"26.30000","0.43790","8.42284"
"26.40000","0.43960","8.45736"
"26.50000","0.44128","8.49194"
"26.60000","0.44291","8.52263"
"26.70000","0.44460","8.55679"
"26.80000","0.44635","8.59337"
"26.90000","0.44801","8.62535"
"27.00000","0.44965","8.65621"
"27.10000","0.45127","8.68653"
"27.20000","0.45292","8.71892"
"27.30000","0.45457","8.75206"
"27.40000","0.45622","8.78239"
"27.50000","0.45788","8.81341"
"27.60000","0.45952","8.84179"
"27.70000","0.46118","8.87217"
"27.80000","0.46287","8.90505"
"27.90000","0.46454","8.93492"
"28.00000","0.46619","8.96449"
"28.10000","0.46788","8.99451"
"28.20000","0.46959","9.02665"
"28.30000","0.47127","9.05622"
"28.40000","0.47286","9.08125"
"28.50000","0.47469","9.11964"
"28.60000","0.47649","9.15472"
"28.70000","0.47818","9.18435"
"28.80000","0.47973","9.20752"
"28.90000","0.48133","9.23529"
"29.00000","0.48295","9.26416"
"29.10000","0.48462","9.29354"
"29.20000","0.48618","9.31825"
"29.30000","0.48782","9.34717"
"29.40000","0.48952","9.38164"
"29.50000","0.49118","9.41019"
"29.60000","0.49285","9.43935"
"29.70000","0.49454","9.46780"
"29.80000","0.49626","9.49869"
"29.90000","0.49789","9.52509"
"30.00000","0.49966","9.55919"
"30.10000","0.50146","9.59359"
"30.20000","0.50315","9.62133"
"30.30000","0.50472","9.64336"
"30.40000","0.50642","9.67294"
"30.50000","0.50812","9.70214"
"30.60000","0.50975","9.72650"
"30.70000","0.51137","9.75112"
"30.80000","0.51299","9.77612"
"30.90000","0.51453","9.79811"
"31.00000","0.51613","9.82438"
"31.10000","0.51782","9.85465"
"31.20000","0.51949","9.88429"
"31.30000","0.52111","9.91012"
"31.40000","0.52284","9.94424"
"31.50000","0.52454","9.97300"
"31.60000","0.52620","9.99962"
"31.70000","0.52786","10.02662"
"31.80000","0.52971","10.06389"
"31.90000","0.53151","10.09591"
"32.00000","0.53315","10.11979"
"32.10000","0.53480","10.14568"
"32.20000","0.53647","10.17114"
"32.30000","0.53810","10.19392"
"32.40000","0.53973","10.21821"
"32.50000","0.54139","10.24300"
"32.60000","0.54301","10.26643"
"32.70000","0.54468","10.29279"
"32.80000","0.54627","10.31497"
"32.90000","0.54781","10.33542"
"33.00000","0.54946","10.36373"
"33.10000","0.55121","10.39486"
"33.20000","0.55283","10.41972"
"33.30000","0.55460","10.45199"
"33.40000","0.55629","10.47865"
"33.50000","0.55797","10.50713"
"33.60000","0.55977","10.53980"
"33.70000","0.56145","10.56289"
"33.80000","0.56306","10.58365"
"33.90000","0.56469","10.60569"
"34.00000","0.56638","10.63105"
"34.10000","0.56803","10.65432"
"34.20000","0.56968","10.67819"
"34.30000","0.57131","10.69994"
"34.40000","0.57298","10.72504"
"34.50000","0.57466","10.74896"
"34.60000","0.57636","10.77350"
"34.70000","0.57799","10.79421"
"34.80000","0.57957","10.81390"
"34.90000","0.58118","10.83637"
"35.00000","0.58280","10.85906"
"35.10000","0.58460","10.89220"
"35.20000","0.58636","10.92165"
"35.30000","0.58811","10.94950"
"35.40000","0.58974","10.97103"
"35.50000","0.59138","10.99437"
"35.60000","0.59304","11.02092"
"35.70000","0.59469","11.04255"
"35.80000","0.59632","11.06326"
"35.90000","0.59795","11.08512"
"36.00000","0.59959","11.10613"
"36.10000","0.60125","11.13006"
"36.20000","0.60291","11.15229"
"36.30000","0.60461","11.17731"
"36.40000","0.60635","11.20413"
"36.50000","0.60801","11.22495"
"36.60000","0.60975","11.25164"
"36.70000","0.61139","11.27230"
"36.80000","0.61297","11.29046"
"36.90000","0.61466","11.31425"
"37.00000","0.61637","11.34049"
"37.10000","0.61800","11.36211"
"37.20000","0.61963","11.38391"
"37.30000","0.62122","11.40433"
"37.40000","0.62287","11.42687"
"37.50000","0.62455","11.45056"
"37.60000","0.62622","11.47291"
"37.70000","0.62786","11.49479"
"37.80000","0.62958","11.52136"
"37.90000","0.63124","11.54234"
"38.00000","0.63290","11.56232"
"38.10000","0.63459","11.58599"
"38.20000","0.63624","11.60670"
"38.30000","0.63802","11.63420"
"38.40000","0.63983","11.66080"
"38.50000","0.64146","11.67819"
"38.60000","0.64311","11.69742"
"38.70000","0.64485","11.72106"
"38.80000","0.64643","11.73750"
"38.90000","0.64796","11.75316"
"39.00000","0.64951","11.77033"
"39.10000","0.65114","11.79262"
"39.20000","0.65285","11.81836"
"39.30000","0.65450","11.83929"
"39.40000","0.65616","11.85985"
"39.50000","0.65786","11.88345"
"39.60000","0.65956","11.90675"
"39.70000","0.66115","11.92365"
"39.80000","0.66303","11.95644"
"39.90000","0.66477","11.98121"
"40.00000","0.66641","12.00030"
"40.10000","0.66811","12.02167"
"40.20000","0.66981","12.04206"
"40.30000","0.67147","12.06080"
"40.40000","0.67307","12.07705"
"40.50000","0.67473","12.09704"
"40.60000","0.67636","12.11502"
"40.70000","0.67798","12.13336"
"40.80000","0.67953","12.14844"
"40.90000","0.68115","12.16840"
"41.00000","0.68281","12.18745"
"41.10000","0.68449","12.20933"
"41.20000","0.68615","12.22972"
"41.30000","0.68785","12.25073"
"41.40000","0.68954","12.27063"
"41.50000","0.69120","12.28703"
"41.60000","0.69287","12.30599"
"41.70000","0.69470","12.33100"
"41.80000","0.69648","12.35293"
"41.90000","0.69813","12.36988"
"42.00000","0.69980","12.38786"
"42.10000","0.70145","12.40548"
"42.20000","0.70306","12.42080"
"42.30000","0.70469","12.43611"
"42.40000","0.70633","12.45198"
"42.50000","0.70794","12.46800"
"42.60000","0.70960","12.48660"
"42.70000","0.71129","12.50643"
"42.80000","0.71293","12.52426"
"42.90000","0.71439","12.53442"
"43.00000","0.71610","12.55771"
"43.10000","0.71792","12.58742"
"43.20000","0.71956","12.60374"
"43.30000","0.72126","12.62564"
"43.40000","0.72293","12.64438"
"43.50000","0.72466","12.66673"
"43.60000","0.72640","12.68821"
"43.70000","0.72802","12.70114"
"43.80000","0.72963","12.71590"
"43.90000","0.73130","12.73312"
"44.00000","0.73297","12.75471"
"44.10000","0.73459","12.76974"
"44.20000","0.73624","12.78558"
"44.30000","0.73790","12.80231"
"44.40000","0.73956","12.81916"
"44.50000","0.74126","12.83768"
"44.60000","0.74297","12.85735"
"44.70000","0.74466","12.87533"
"44.80000","0.74620","12.88568"
"44.90000","0.74785","12.90441"
"45.00000","0.74958","12.92702"
"45.10000","0.75133","12.94991"
"45.20000","0.75301","12.96912"
"45.30000","0.75468","12.98704"
"45.40000","0.75633","13.00401"
"45.50000","0.75796","13.01941"
"45.60000","0.75958","13.03362"
"45.70000","0.76119","13.04720"
"45.80000","0.76286","13.06561"
"45.90000","0.76450","13.08209"
"46.00000","0.76620","13.10034"
"46.10000","0.76797","13.12300"
"46.20000","0.76965","13.13950"
"46.30000","0.77127","13.15361"
"46.40000","0.77308","13.17809"
"46.50000","0.77485","13.19802"
"46.60000","0.77646","13.20993"
"46.70000","0.77803","13.21937"
"46.80000","0.77968","13.23604"
"46.90000","0.78131","13.25091"
"47.00000","0.78290","13.26516"
"47.10000","0.78452","13.28128"
"47.20000","0.78616","13.29798"
"47.30000","0.78779","13.31370"
"47.40000","0.78948","13.33120"
"47.50000","0.79113","13.34546"
"47.60000","0.79283","13.36437"
"47.70000","0.79460","13.39042"
"47.80000","0.79628","13.40585"
"47.90000","0.79791","13.41911"
"48.00000","0.79952","13.43206"
"48.10000","0.80125","13.45174"
"48.20000","0.80314","13.47823"
"48.30000","0.80486","13.49548"
"48.40000","0.80648","13.50774"
"48.50000","0.80814","13.52313"
"48.60000","0.80979","13.53728"
"48.70000","0.81142","13.54973"
"48.80000","0.81298","13.55786"
"48.90000","0.81450","13.56706"
"49.00000","0.81614","13.58399"
"49.10000","0.81785","13.60401"
"49.20000","0.81947","13.61908"
"49.30000","0.82113","13.63587"
"49.40000","0.82282","13.65480"
"49.50000","0.82451","13.67356"
"49.60000","0.82626","13.69860"
"49.70000","0.82800","13.71658"
"49.80000","0.82973","13.73452"
"49.90000","0.83144","13.75224"
"50.00000","0.83313","13.76841"
"50.10000","0.83475","13.78121"
"50.20000","0.83642","13.79702"
"50.30000","0.83804","13.80925"
"50.40000","0.83972","13.82402"
"50.50000","0.84137","13.83774"
"50.60000","0.84299","13.85020"
"50.70000","0.84461","13.86268"
"50.80000","0.84615","13.87301"
"50.90000","0.84783","13.89030"
"51.00000","0.84951","13.90869"
"51.10000","0.85118","13.92563"
"51.20000","0.85283","13.94133"
"51.30000","0.85457","13.96605"
"51.40000","0.85619","13.97848"
"51.50000","0.85794","13.99833"
"51.60000","0.85977","14.02209"
"51.70000","0.86148","14.03731"
"51.80000","0.86310","14.04918"
"51.90000","0.86478","14.06518"
"52.00000","0.86639","14.07322"
"52.10000","0.86802","14.08476"
"52.20000","0.86965","14.09692"
"52.30000","0.87131","14.11086"
"52.40000","0.87304","14.12291"
"52.50000","0.87466","14.11058"
"52.60000","0.87629","14.10660"
"52.70000","0.87804","14.11711"
"52.80000","0.87960","14.11832"
"52.90000","0.88120","14.12531"
"53.00000","0.88291","14.13947"
"53.10000","0.88457","14.14890"
"53.20000","0.88624","14.16256"
"53.30000","0.88805","14.18349"
"53.40000","0.88971","14.19318"
"53.50000","0.89131","14.19899"
"53.60000","0.89292","14.20777"
"53.70000","0.89456","14.21848"
"53.80000","0.89625","14.23234"
"53.90000","0.89792","14.24934"
"54.00000","0.89953","14.25795"
"54.10000","0.90121","14.27133"
"54.20000","0.90295","14.28710"
"54.30000","0.90461","14.29968"
"54.40000","0.90627","14.31252"
"54.50000","0.90795","14.32465"
"54.60000","0.90975","14.34375"
"54.70000","0.91141","14.35562"
"54.80000","0.91299","14.36469"
"54.90000","0.91463","14.37836"
"55.00000","0.91633","14.39447"
"55.10000","0.91802","14.41329"
"55.20000","0.91972","14.42690"
"55.30000","0.92132","14.43665"
"55.40000","0.92290","14.44678"
"55.50000","0.92451","14.45793"
"55.60000","0.92617","14.47340"
"55.70000","0.92788","14.49048"
"55.80000","0.92952","14.50235"
"55.90000","0.93126","14.52256"
"56.00000","0.93305","14.54161"
"56.10000","0.93464","14.54861"
"56.20000","0.93641","14.56578"
"56.30000","0.93814","14.58075"
"56.40000","0.93979","14.58933"
"56.50000","0.94148","14.60217"
"56.60000","0.94319","14.61543"
"56.70000","0.94471","14.61971"
"56.80000","0.94625","14.62639"
"56.90000","0.94786","14.63698"
"57.00000","0.94955","14.65800"
"57.10000","0.95115","14.66720"
"57.20000","0.95280","14.67852"
"57.30000","0.95448","14.69335"
"57.40000","0.95615","14.70661"
"57.50000","0.95784","14.72084"
"57.60000","0.95952","14.73246"
"57.70000","0.96123","14.74703"
"57.80000","0.96294","14.76363"
"57.90000","0.96459","14.77399"
"58.00000","0.96642","14.79363"
"58.10000","0.96822","14.81079"
"58.20000","0.96988","14.82067"
"58.30000","0.97147","14.82741"
"58.40000","0.97312","14.83722"
"58.50000","0.97480","14.84906"
"58.60000","0.97642","14.85809"
"58.70000","0.97789","14.86160"
"58.80000","0.97947","14.87159"
"58.90000","0.98121","14.89311"
"59.00000","0.98284","14.90348"
"59.10000","0.98447","14.91476"
"59.20000","0.98616","14.92756"
"59.30000","0.98787","14.94203"
"59.40000","0.98950","14.95235"
"59.50000","0.99127","14.96952"
"59.60000","0.99300","14.98424"
"59.70000","0.99476","15.00415"
"59.80000","0.99644","15.01360"
"59.90000","0.99810","15.02208"
"60.00000","0.99976","15.03208"
"60.10000","1.00142","15.04142"
"60.20000","1.00304","15.04741"
"60.30000","1.00469","15.05761"
"60.40000","1.00635","15.06728"
"60.50000","1.00800","15.07626"
"60.60000","1.00963","15.08065"
"60.70000","1.01116","15.08334"
"60.80000","1.01276","15.09234"
"60.90000","1.01455","15.11486"
"61.00000","1.01614","15.12103"
"61.10000","1.01771","15.12760"
"61.20000","1.01949","15.14598"
"61.30000","1.02129","15.16422"
"61.40000","1.02312","15.18011"
"61.50000","1.02475","15.18572"
"61.60000","1.02635","15.19151"
"61.70000","1.02809","15.20484"
"61.80000","1.02973","15.21207"
"61.90000","1.03138","15.22394"
"62.00000","1.03305","15.23222"
"62.10000","1.03465","15.23574"
"62.20000","1.03627","15.24004"
"62.30000","1.03791","15.24243"
"62.40000","1.03959","15.25185"
"62.50000","1.04130","15.26354"
"62.60000","1.04298","15.27139"
"62.70000","1.04467","15.28246"
"62.80000","1.04631","15.29103"
"62.90000","1.04795","15.30025"
"63.00000","1.04959","15.31152"
"63.10000","1.05129","15.32486"
"63.20000","1.05293","15.33321"
"63.30000","1.05455","15.34163"
"63.40000","1.05621","15.35057"
"63.50000","1.05787","15.35960"
"63.60000","1.05948","15.36678"
"63.70000","1.06119","15.37898"
"63.80000","1.06289","15.38940"
"63.90000","1.06461","15.40390"
"64.00000","1.06628","15.41165"
"64.10000","1.06790","15.41673"
"64.20000","1.06963","15.42716"
"64.30000","1.07136","15.43724"
"64.40000","1.07299","15.44203"
"64.50000","1.07476","15.45551"
"64.60000","1.07644","15.46061"
"64.70000","1.07806","15.46195"
"64.80000","1.07971","15.46885"
"64.90000","1.08134","15.47728"
"65.00000","1.08296","15.48543"
"65.10000","1.08459","15.49328"
"65.20000","1.08623","15.50272"
"65.30000","1.08786","15.50949"
"65.40000","1.08951","15.51777"
"65.50000","1.09119","15.52728"
"65.60000","1.09285","15.53501"
"65.70000","1.09453","15.54270"
"65.80000","1.09623","15.54704"
"65.90000","1.09791","15.55310"
"66.00000","1.09971","15.56401"
"66.10000","1.10149","15.56719"
"66.20000","1.10320","15.56982"
"66.30000","1.10480","15.57055"
"66.40000","1.10646","15.57614"
"66.50000","1.10813","15.58014"
"66.60000","1.10970","15.57863"
"66.70000","1.11126","15.57678"
"66.80000","1.11285","15.57397"
"66.90000","1.11448","15.57886"
"67.00000","1.11613","15.58470"
"67.10000","1.11778","15.59113"
"67.20000","1.11946","15.60072"
"67.30000","1.12114","15.60979"
"67.40000","1.12284","15.62000"
"67.50000","1.12450","15.62555"
"67.60000","1.12619","15.63370"
"67.70000","1.12788","15.64261"
"67.80000","1.12963","15.65417"
"67.90000","1.13144","15.66923"
"68.00000","1.13328","15.68418"
"68.10000","1.13486","15.68393"
"68.20000","1.13649","15.68854"
"68.30000","1.13815","15.69298"
"68.40000","1.13978","15.69743"
"68.50000","1.14140","15.70078"
"68.60000","1.14302","15.68152"
"68.70000","1.14459","15.61750"
"68.80000","1.14615","15.60285"
"68.90000","1.14777","15.59899"
"69.00000","1.14947","15.59534"
"69.10000","1.15122","15.59401"
"69.20000","1.15282","15.57996"
"69.30000","1.15458","15.57829"
"69.40000","1.15627","15.57914"
"69.50000","1.15797","15.58356"
"69.60000","1.15974","15.59292"
"69.70000","1.16138","15.59579"
"69.80000","1.16307","15.60225"
"69.90000","1.16477","15.60903"
"70.00000","1.16643","15.61675"
"70.10000","1.16802","15.61647"
"70.20000","1.16970","15.62327"
"70.30000","1.17133","15.62673"
"70.40000","1.17303","15.63380"
"70.50000","1.17470","15.63899"
"70.60000","1.17634","15.64407"
"70.70000","1.17790","15.64524"
"70.80000","1.17946","15.64919"
"70.90000","1.18116","15.65451"
"71.00000","1.18287","15.66121"
"71.10000","1.18465","15.67301"
"71.20000","1.18635","15.68098"
"71.30000","1.18805","15.68945"
"71.40000","1.18974","15.69491"
"71.50000","1.19138","15.69972"
"71.60000","1.19305","15.70504"
"71.70000","1.19466","15.70851"
"71.80000","1.19628","15.71302"
"71.90000","1.19796","15.72050"
"72.00000","1.19968","15.72867"
"72.10000","1.20135","15.73408"
"72.20000","1.20301","15.73932"
"72.30000","1.20473","15.74766"
"72.40000","1.20640","15.75124"
"72.50000","1.20802","15.75372"
"72.60000","1.20973","15.76158"
"72.70000","1.21134","15.76554"
"72.80000","1.21296","15.77111"
"72.90000","1.21462","15.77791"
"73.00000","1.21631","15.78631"
"73.10000","1.21800","15.79222"
"73.20000","1.21961","15.79625"
"73.30000","1.22121","15.79915"
"73.40000","1.22286","15.81002"
"73.50000","1.22455","15.81647"
"73.60000","1.22619","15.82072"
"73.70000","1.22785","15.82680"
"73.80000","1.22956","15.83432"
"73.90000","1.23125","15.83945"
"74.00000","1.23296","15.84550"
"74.10000","1.23470","15.85290"
"74.20000","1.23635","15.85591"
"74.30000","1.23805","15.86127"
"74.40000","1.23984","15.86930"
"74.50000","1.24157","15.87349"
"74.60000","1.24316","15.86946"
"74.70000","1.24475","15.86918"
"74.80000","1.24633","15.86643"
"74.90000","1.24794","15.86723"
"75.00000","1.24954","15.86776"
"75.10000","1.25116","15.86798"
"75.20000","1.25282","15.87155"
"75.30000","1.25448","15.87543"
"75.40000","1.25616","15.88152"
"75.50000","1.25789","15.88909"
"75.60000","1.25957","15.89229"
"75.70000","1.26114","15.89130"
"75.80000","1.26296","15.89959"
"75.90000","1.26475","15.90590"
"76.00000","1.26647","15.90845"
"76.10000","1.26818","15.91117"
"76.20000","1.26979","15.91003"
"76.30000","1.27149","15.91413"
"76.40000","1.27316","15.91646"
"76.50000","1.27476","15.91523"
"76.60000","1.27630","15.91345"
"76.70000","1.27785","15.91217"
"76.80000","1.27947","15.91646"
"76.90000","1.28119","15.92341"
"77.00000","1.28284","15.92596"
"77.10000","1.28449","15.92877"
"77.20000","1.28618","15.93395"
"77.30000","1.28787","15.93923"
"77.40000","1.28954","15.94382"
"77.50000","1.29119","15.94669"
"77.60000","1.29280","15.94810"
"77.70000","1.29463","15.95780"
"77.80000","1.29652","15.96798"
"77.90000","1.29818","15.96551"
"78.00000","1.29979","15.96152"
"78.10000","1.30149","15.96241"
"78.20000","1.30310","15.95772"
"78.30000","1.30470","15.95393"
"78.40000","1.30639","15.95433"
"78.50000","1.30804","15.95121"
"78.60000","1.30962","15.94567"
"78.70000","1.31113","15.93843"
"78.80000","1.31278","15.93817"
"78.90000","1.31440","15.93734"
"79.00000","1.31612","15.94205"
"79.10000","1.31794","15.95058"
"79.20000","1.31959","15.95428"
"79.30000","1.32125","15.96325"
"79.40000","1.32290","15.97144"
"79.50000","1.32461","15.98296"
"79.60000","1.32634","15.99713"
"79.70000","1.32804","16.01009"
"79.80000","1.32968","16.01841"
"79.90000","1.33134","16.02964"
"80.00000","1.33312","16.05320"
"80.10000","1.33473","16.05980"
"80.20000","1.33630","16.06566"
"80.30000","1.33792","16.07339"
"80.40000","1.33959","16.08385"
"80.50000","1.34128","16.09593"
"80.60000","1.34299","16.10847"
"80.70000","1.34467","16.12061"
"80.80000","1.34614","16.12160"
"80.90000","1.34780","16.13377"
"81.00000","1.34960","16.15294"
"81.10000","1.35133","16.16646"
"81.20000","1.35304","16.17914"
"81.30000","1.35468","16.18825"
"81.40000","1.35631","16.19639"
"81.50000","1.35789","16.20224"
"81.60000","1.35952","16.21045"
"81.70000","1.36119","16.22014"
"81.80000","1.36289","16.23033"
"81.90000","1.36454","16.23676"
"82.00000","1.36626","16.24621"
"82.10000","1.36796","16.25469"
"82.20000","1.36966","16.26314"
"82.30000","1.37136","16.27174"
"82.40000","1.37317","16.28583"
"82.50000","1.37483","16.28849"
"82.60000","1.37642","16.29038"
"82.70000","1.37798","16.29203"
"82.80000","1.37962","16.29819"
"82.90000","1.38122","16.30314"
"83.00000","1.38283","16.30901"
"83.10000","1.38453","16.31852"
"83.20000","1.38619","16.33138"
"83.30000","1.38786","16.33860"
"83.40000","1.38946","16.34109"
"83.50000","1.39112","16.34702"
"83.60000","1.39283","16.35673"
"83.70000","1.39454","16.36402"
"83.80000","1.39624","16.37108"
"83.90000","1.39791","16.37633"
"84.00000","1.39957","16.38099"
"84.10000","1.40127","16.38688"
"84.20000","1.40310","16.39874"
"84.30000","1.40487","16.40713"
"84.40000","1.40654","16.40978"
"84.50000","1.40819","16.41155"
"84.60000","1.40977","16.41108"
"84.70000","1.41133","16.41058"
"84.80000","1.41289","16.41146"
"84.90000","1.41448","16.41439"
"85.00000","1.41614","16.42058"
"85.10000","1.41782","16.42825"
"85.20000","1.41951","16.44130"
"85.30000","1.42115","16.44510"
"85.40000","1.42281","16.45043"
"85.50000","1.42452","16.45727"
"85.60000","1.42620","16.46225"
"85.70000","1.42798","16.47170"
"85.80000","1.42973","16.47771"
"85.90000","1.43148","16.48283"
"86.00000","1.43315","16.48401"
"86.10000","1.43477","16.48335"
"86.20000","1.43645","16.48436"
"86.30000","1.43810","16.48449"
"86.40000","1.43974","16.48320"
"86.50000","1.44139","16.48338"
"86.60000","1.44303","16.48365"
"86.70000","1.44461","16.48137"
"86.80000","1.44612","16.47836"
"86.90000","1.44777","16.48304"
"87.00000","1.44947","16.49131"
"87.10000","1.45117","16.50279"
"87.20000","1.45289","16.51210"
"87.30000","1.45456","16.51579"
"87.40000","1.45623","16.51903"
"87.50000","1.45793","16.52476"
"87.60000","1.45963","16.52851"
"87.70000","1.46140","16.53607"
"87.80000","1.46315","16.54109"
"87.90000","1.46476","16.53990"
"88.00000","1.46642","16.54387"
"88.10000","1.46806","16.54336"
"88.20000","1.46968","16.54316"
"88.30000","1.47135","16.54530"
"88.40000","1.47304","16.54923"
"88.50000","1.47467","16.55013"
"88.60000","1.47630","16.55192"
"88.70000","1.47796","16.55609"
"88.80000","1.47947","16.55239"
"88.90000","1.48118","16.56018"
"89.00000","1.48293","16.56975"
"89.10000","1.48474","16.58531"
"89.20000","1.48635","16.58391"
"89.30000","1.48801","16.58691"
"89.40000","1.48967","16.58904"
"89.50000","1.49132","16.59135"
"89.60000","1.49293","16.59051"
"89.70000","1.49455","16.59098"
"89.80000","1.49623","16.59443"
"89.90000","1.49789","16.59874"
"90.00000","1.49964","16.60378"
"90.10000","1.50130","16.60247"
"90.20000","1.50292","16.60005"
"90.30000","1.50460","16.60074"
"90.40000","1.50631","16.60297"
"90.50000","1.50801","16.60458"
"90.60000","1.50973","16.60645"
"90.70000","1.51128","16.60049"
"90.80000","1.51292","16.60017"
"90.90000","1.51464","16.60500"
"91.00000","1.51642","16.61646"
"91.10000","1.51804","16.61053"
"91.20000","1.51961","16.60572"
"91.30000","1.52121","16.60336"
"91.40000","1.52287","16.60502"
"91.50000","1.52453","16.60630"
"91.60000","1.52619","16.60863"
"91.70000","1.52784","16.61028"
"91.80000","1.52951","16.61348"
"91.90000","1.53130","16.62469"
"92.00000","1.53306","16.62870"
"92.10000","1.53461","16.62254"
"92.20000","1.53637","16.62877"
"92.30000","1.53818","16.63619"
"92.40000","1.53982","16.63474"
"92.50000","1.54149","16.63441"
"92.60000","1.54318","16.63678"
"92.70000","1.54472","16.63356"
"92.80000","1.54626","16.62938"
"92.90000","1.54787","16.63052"
"93.00000","1.54952","16.63442"
"93.10000","1.55120","16.64372"
"93.20000","1.55281","16.64271"
"93.30000","1.55446","16.64601"
"93.40000","1.55614","16.64937"
"93.50000","1.55782","16.65257"
"93.60000","1.55955","16.65939"
"93.70000","1.56121","16.66076"
"93.80000","1.56288","16.66224"
"93.90000","1.56457","16.66521"
"94.00000","1.56644","16.68127"
"94.10000","1.56829","16.68858"
"94.20000","1.56987","16.68239"
"94.30000","1.57148","16.67776"
"94.40000","1.57314","16.67737"
"94.50000","1.57484","16.67759"
"94.60000","1.57639","16.67120"
"94.70000","1.57790","16.66288"
"94.80000","1.57951","16.66101"
"94.90000","1.58113","16.65957"
"95.00000","1.58278","16.66131"
"95.10000","1.58448","16.66445"
"95.20000","1.58620","16.66747"
"95.30000","1.58786","16.66730"
"95.40000","1.58950","16.66534"
"95.50000","1.59129","16.66938"
"95.60000","1.59306","16.67243"
"95.70000","1.59469","16.66940"
"95.80000","1.59642","16.67153"
"95.90000","1.59815","16.67311"
"96.00000","1.59983","16.67109"
"96.10000","1.60147","16.65913"
"96.20000","1.60305","16.65134"
"96.30000","1.60469","16.64764"
"96.40000","1.60641","16.64731"
"96.50000","1.60804","16.64268"
"96.60000","1.60961","16.63615"
"96.70000","1.61112","16.62592"
"96.80000","1.61283","16.63238"
"96.90000","1.61451","16.63068"
"97.00000","1.61610","16.62458"
"97.10000","1.61774","16.62314"
"97.20000","1.61953","16.62723"
"97.30000","1.62132","16.63174"
"97.40000","1.62311","16.63495"
"97.50000","1.62475","16.62933"
"97.60000","1.62635","16.62342"
"97.70000","1.62798","16.61925"
"97.80000","1.62967","16.61733"
"97.90000","1.63140","16.62219"
"98.00000","1.63310","16.61950"
"98.10000","1.63465","16.61038"
"98.20000","1.63627","16.60443"
"98.30000","1.63796","16.60158"
"98.40000","1.63965","16.59947"
"98.50000","1.64137","16.59840"
"98.60000","1.64296","16.58935"
"98.70000","1.64453","16.58222"
"98.80000","1.64620","16.58153"
"98.90000","1.64793","16.58247"
"99.00000","1.64963","16.58157"
"99.10000","1.65135","16.58648"
"99.20000","1.65302","16.58245"
"99.30000","1.65461","16.57525"
"99.40000","1.65621","16.56987"
"99.50000","1.65786","16.56726"
"99.60000","1.65952","16.56485"
"99.70000","1.66115","16.55885"
"99.80000","1.66283","16.55723"
"99.90000","1.66457","16.55844"
"100.00000","1.66626","16.55620"
"100.10000","1.66802","16.56407"
"100.20000","1.66969","16.55927"
"100.30000","1.67136","16.55512"
"100.40000","1.67299","16.54901"
"100.50000","1.67473","16.54937"
"100.60000","1.67643","16.54765"
"100.70000","1.67801","16.54076"
"100.80000","1.67971","16.54044"
"100.90000","1.68137","16.53848"
"101.00000","1.68299","16.53512"
"101.10000","1.68465","16.53337"
"101.20000","1.68624","16.52687"
"101.30000","1.68779","16.52007"
"101.40000","1.68948","16.51932"
"101.50000","1.69119","16.51860"
"101.60000","1.69284","16.51599"
"101.70000","1.69459","16.52296"
"101.80000","1.69628","16.51805"
"101.90000","1.69791","16.51054"
"102.00000","1.69966","16.50938"
"102.10000","1.70146","16.50928"
"102.20000","1.70318","16.50571"
"102.30000","1.70484","16.49906"
"102.40000","1.70650","16.49302"
"102.50000","1.70815","16.48571"
"102.60000","1.70972","16.47617"
"102.70000","1.71127","16.46561"
"102.80000","1.71286","16.45958"
"102.90000","1.71451","16.45530"
"103.00000","1.71616","16.45264"
"103.10000","1.71780","16.44848"
"103.20000","1.71947","16.45155"
"103.30000","1.72120","16.45029"
"103.40000","1.72285","16.44608"
"103.50000","1.72447","16.44035"
"103.60000","1.72621","16.44031"
"103.70000","1.72788","16.43536"
"103.80000","1.72965","16.43526"
"103.90000","1.73144","16.43509"
"104.00000","1.73320","16.43266"
"104.10000","1.73485","16.42452"
"104.20000","1.73651","16.41772"
"104.30000","1.73818","16.41247"
"104.40000","1.73983","16.40568"
"104.50000","1.74139","16.39451"
"104.60000","1.74299","16.38738"
"104.70000","1.74457","16.37952"
"104.80000","1.74614","16.37281"
"104.90000","1.74778","16.36967"
"105.00000","1.74951","16.37033"
"105.10000","1.75123","16.37003"
"105.20000","1.75280","16.36191"
"105.30000","1.75460","16.36513"
"105.40000","1.75636","16.36499"
"105.50000","1.75805","16.36083"
"105.60000","1.75972","16.35620"
"105.70000","1.76140","16.35233"
"105.80000","1.76307","16.34587"
"105.90000","1.76473","16.33886"
"106.00000","1.76641","16.33236"
"106.10000","1.76807","16.33130"
"106.20000","1.76969","16.32076"
"106.30000","1.77137","16.31514"
"106.40000","1.77305","16.30849"
"106.50000","1.77467","16.29948"
"106.60000","1.77632","16.29213"
"106.70000","1.77788","16.28185"
"106.80000","1.77949","16.27440"
"106.90000","1.78118","16.27105"
"107.00000","1.78283","16.26603"
"107.10000","1.78459","16.26669"
"107.20000","1.78633","16.26421"
"107.30000","1.78810","16.26337"
"107.40000","1.78976","16.25661"
"107.50000","1.79132","16.24540"
"107.60000","1.79296","16.23973"
"107.70000","1.79462","16.23468"
"107.80000","1.79627","16.22813"
"107.90000","1.79791","16.22105"
"108.00000","1.79958","16.21464"
"108.10000","1.80129","16.20894"
"108.20000","1.80298","16.20362"
"108.30000","1.80472","16.20014"
"108.40000","1.80639","16.19383"
"108.50000","1.80798","16.18352"
"108.60000","1.80967","16.18017"
"108.70000","1.81135","16.17472"
"108.80000","1.81299","16.16793"
"108.90000","1.81469","16.16362"
"109.00000","1.81639","16.16059"
"109.10000","1.81802","16.15322"
"109.20000","1.81962","16.14495"
"109.30000","1.82122","16.13721"
"109.40000","1.82286","16.13133"
"109.50000","1.82452","16.12617"
"109.60000","1.82618","16.12048"
"109.70000","1.82786","16.11587"
"109.80000","1.82953","16.11112"
"109.90000","1.83126","16.10788"
"110.00000","1.83302","16.10589"
"110.10000","1.83473","16.10052"
"110.20000","1.83634","16.09111"
"110.30000","1.83801","16.08468"
"110.40000","1.83986","16.08652"
"110.50000","1.84160","16.08166"
"110.60000","1.84313","16.06717"
"110.70000","1.84468","16.05636"
"110.80000","1.84632","16.05088"
"110.90000","1.84797","16.04518"
"111.00000","1.84958","16.03725"
"111.10000","1.85119","16.03480"
"111.20000","1.85286","16.03165"
"111.30000","1.85444","16.02245"
"111.40000","1.85613","16.01921"
"111.50000","1.85786","16.01664"
"111.60000","1.85955","16.01153"
"111.70000","1.86112","15.99985"
"111.80000","1.86300","16.00367"
"111.90000","1.86481","16.00111"
"112.00000","1.86646","15.99245"
"112.10000","1.86811","15.98391"
"112.20000","1.86975","15.97514"
"112.30000","1.87149","15.97136"
"112.40000","1.87314","15.96261"
"112.50000","1.87479","15.95413"
"112.60000","1.87633","15.94240"
"112.70000","1.87789","15.93297"
"112.80000","1.87952","15.92706"
"112.90000","1.88118","15.92288"
"113.00000","1.88285","15.91871"
"113.10000","1.88447","15.91118"
"113.20000","1.88614","15.90648"
"113.30000","1.88787","15.90514"
"113.40000","1.88956","15.90004"
"113.50000","1.89117","15.89202"
"113.60000","1.89285","15.88679"
"113.70000","1.89469","15.88902"
"113.80000","1.89648","15.88610"
"113.90000","1.89818","15.87970"
"114.00000","1.89981","15.86950"
"114.10000","1.90147","15.86245"
"114.20000","1.90308","15.85294"
"114.30000","1.90470","15.84493"
"114.40000","1.90639","15.83895"
"114.50000","1.90801","15.83041"
"114.60000","1.90962","15.82193"
"114.70000","1.91118","15.81229"
"114.80000","1.91283","15.80725"
"114.90000","1.91443","15.79959"
"115.00000","1.91611","15.79631"
"115.10000","1.91793","15.79840"
"115.20000","1.91958","15.79066"
"115.30000","1.92126","15.78494"
"115.40000","1.92294","15.78034"
"115.50000","1.92469","15.77750"
"115.60000","1.92638","15.77136"
"115.70000","1.92799","15.76160"
"115.80000","1.92961","15.75321"
"115.90000","1.93130","15.74763"
"116.00000","1.93301","15.74255"
"116.10000","1.93467","15.73499"
"116.20000","1.93635","15.72902"
"116.30000","1.93803","15.72173"
"116.40000","1.93971","15.71458"
"116.50000","1.94134","15.70664"
"116.60000","1.94292","15.69603"
"116.70000","1.94451","15.68774"
"116.80000","1.94613","15.68161"
"116.90000","1.94784","15.67891"
"117.00000","1.94960","15.67783"
"117.10000","1.95131","15.67356"
"117.20000","1.95349","15.74492"
"117.30000","1.95484","15.70425"
"117.40000","1.95615","15.67795"
"117.50000","1.95781","15.67060"
"117.60000","1.95955","15.66648"
"117.70000","1.96118","15.65605"
"117.80000","1.96289","15.64955"
"117.90000","1.96452","15.63857"
"118.00000","1.96620","15.63052"
"118.10000","1.96794","15.62624"
"118.20000","1.96962","15.61738"
"118.30000","1.97127","15.60793"
"118.40000","1.97307","15.60529"
"118.50000","1.97482","15.59825"
"118.60000","1.97641","15.58541"
"118.70000","1.97806","15.57651"
"118.80000","1.97969","15.56764"
"118.90000","1.98129","15.55768"
"119.00000","1.98289","15.54825"
"119.10000","1.98453","15.54156"
"119.20000","1.98619","15.53477"
"119.30000","1.98784","15.52812"
"119.40000","1.98949","15.52172"
"119.50000","1.99117","15.51570"
"119.60000","1.99284","15.50842"
"119.70000","1.99455","15.50374"
"119.80000","1.99624","15.49629"
"119.90000","1.99790","15.48767"
"120.00000","1.99959","15.48091"
"120.10000","2.00131","15.47545"
"120.20000","2.00312","15.47324"
"120.30000","2.00480","15.46416"
"120.40000","2.00649","15.45547"
"120.50000","2.00816","15.44727"
"120.60000","2.00977","15.43710"
"120.70000","2.01136","15.42628"
"120.80000","2.01289","15.41510"
"120.90000","2.01447","15.40586"
"121.00000","2.01617","15.40191"
"121.10000","2.01780","15.39480"
"121.20000","2.01944","15.38856"
"121.30000","2.02115","15.38414"
"121.40000","2.02287","15.38022"
"121.50000","2.02452","15.37199"
"121.60000","2.02619","15.36609"
"121.70000","2.02817","15.37430"
"121.80000","2.02981","15.36145"
"121.90000","2.03140","15.34874"
"122.00000","2.03309","15.34194"
"122.10000","2.03477","15.33458"
"122.20000","2.03645","15.32654"
"122.30000","2.03807","15.31555"
"122.40000","2.03970","15.30559"
"122.50000","2.04137","15.29741"
"122.60000","2.04301","15.28828"
"122.70000","2.04462","15.27796"
"122.80000","2.04616","15.26614"
"122.90000","2.04780","15.26130"
"123.00000","2.04947","15.25519"
"123.10000","2.05116","15.24973"
"123.20000","2.05284","15.24373"
"123.30000","2.05454","15.23824"
"123.40000","2.05618","15.22944"
"123.50000","2.05793","15.22562"
"123.60000","2.05976","15.22450"
"123.70000","2.06146","15.21662"
"123.80000","2.06309","15.20627"
"123.90000","2.06481","15.20423"
"124.00000","2.06641","15.19252"
"124.10000","2.06801","15.18172"
"124.20000","2.06969","15.17464"
"124.30000","2.07133","15.16541"
"124.40000","2.07298","15.15739"
"124.50000","2.07462","15.14870"
"124.60000","2.07628","15.14177"
"124.70000","2.07793","15.13453"
"124.80000","2.07948","15.12406"
"124.90000","2.08121","15.12101"
"125.00000","2.08294","15.11535"
"125.10000","2.08462","15.10967"
"125.20000","2.08628","15.10366"
"125.30000","2.08801","15.09932"
"125.40000","2.08972","15.09412"
"125.50000","2.09134","15.08477"
"125.60000","2.09297","15.07600"
"125.70000","2.09460","15.06669"
"125.80000","2.09636","15.06800"
"125.90000","2.09798","15.05646"
"126.00000","2.09962","15.04670"
"126.10000","2.10124","15.03736"
"126.20000","2.10290","15.03019"
"126.30000","2.10465","15.02602"
"126.40000","2.10640","15.02131"
"126.50000","2.10801","15.01083"
"126.60000","2.10966","15.00322"
"126.70000","2.11126","14.99357"
"126.80000","2.11294","14.98763"
"126.90000","2.11469","14.98518"
"127.00000","2.11640","14.97979"
"127.10000","2.11810","14.97776"
"127.20000","2.11966","14.96445"
"127.30000","2.12122","14.95388"
"127.40000","2.12286","14.94774"
"127.50000","2.12453","14.94171"
"127.60000","2.12616","14.93410"
"127.70000","2.12788","14.92960"
"127.80000","2.12957","14.92197"
"127.90000","2.13122","14.91371"
"128.00000","2.13294","14.90679"
"128.10000","2.13456","14.89717"
"128.20000","2.13641","14.89779"
"128.30000","2.13819","14.89305"
"128.40000","2.13980","14.88132"
"128.50000","2.14137","14.86959"
"128.60000","2.14315","14.86734"
"128.70000","2.14478","14.85795"
"128.80000","2.14631","14.84485"
"128.90000","2.14791","14.83748"
"129.00000","2.14955","14.83515"
"129.10000","2.15114","14.82467"
"129.20000","2.15281","14.81908"
"129.30000","2.15449","14.81375"
"129.40000","2.15613","14.80566"
"129.50000","2.15782","14.80025"
"129.60000","2.15955","14.79576"
"129.70000","2.16123","14.78788"
"129.80000","2.16287","14.77890"
"129.90000","2.16459","14.77390"
"130.00000","2.16646","14.77422"
"130.10000","2.16829","14.77388"
"130.20000","2.16990","14.76091"
"130.30000","2.17151","14.74930"
"130.40000","2.17309","14.73826"
"130.50000","2.17474","14.73046"
"130.60000","2.17638","14.72287"
"130.70000","2.17793","14.71153"
"130.80000","2.17951","14.70256"
"130.90000","2.18116","14.69639"
"131.00000","2.18282","14.68996"
"131.10000","2.18449","14.68444"
"131.20000","2.18619","14.67827"
"131.30000","2.18786","14.67187"
"131.40000","2.18950","14.66434"
"131.50000","2.19126","14.66128"
"131.60000","2.19300","14.65557"
"131.70000","2.19474","14.65336"
"131.80000","2.19649","14.64740"
"131.90000","2.19812","14.63585"
"132.00000","2.19974","14.62505"
"132.10000","2.20141","14.61800"
"132.20000","2.20305","14.60873"
"132.30000","2.20470","14.60007"
"132.40000","2.20635","14.59210"
"132.50000","2.20795","14.58088"
"132.60000","2.20951","14.57094"
"132.70000","2.21115","14.56334"
"132.80000","2.21284","14.55884"
"132.90000","2.21453","14.55384"
"133.00000","2.21610","14.54314"
"133.10000","2.21772","14.53588"
"133.20000","2.21953","14.53562"
"133.30000","2.22135","14.53489"
"133.40000","2.22316","14.53173"
"133.50000","2.22471","14.51626"
"133.60000","2.22640","14.50949"
"133.70000","2.22807","14.50139"
"133.80000","2.22969","14.49133"
"133.90000","2.23134","14.48315"
"134.00000","2.23298","14.47439"
"134.10000","2.23461","14.46508"
"134.20000","2.23627","14.45729"
"134.30000","2.23790","14.44746"
"134.40000","2.23960","14.44035"
"134.50000","2.24136","14.43608"
"134.60000","2.24295","14.42429"
"134.70000","2.24456","14.41488"
"134.80000","2.24619","14.40812"
"134.90000","2.24796","14.40901"
"135.00000","2.24969","14.40162"
"135.10000","2.25132","14.39096"
"135.20000","2.25294","14.38175"
"135.30000","2.25458","14.37422"
"135.40000","2.25622","14.36723"
"135.50000","2.25786","14.35887"
"135.60000","2.25953","14.35277"
"135.70000","2.26120","14.34490"
"135.80000","2.26286","14.33652"
"135.90000","2.26454","14.32873"
"136.00000","2.26624","14.32240"
"136.10000","2.26793","14.31726"
"136.20000","2.26972","14.31512"
"136.30000","2.27139","14.30628"
"136.40000","2.27299","14.29457"
"136.50000","2.27475","14.29152"
"136.60000","2.27637","14.28116"
"136.70000","2.27805","14.27472"
"136.80000","2.27972","14.26678"
"136.90000","2.28134","14.25910"
"137.00000","2.28300","14.25219"
"137.10000","2.28466","14.24533"
"137.20000","2.28623","14.23539"
"137.30000","2.28784","14.22745"
"137.40000","2.28953","14.22262"
"137.50000","2.29117","14.21464"
"137.60000","2.29282","14.20774"
"137.70000","2.29452","14.20793"
"137.80000","2.29629","14.20298"
"137.90000","2.29791","14.19246"
"138.00000","2.29964","14.18759"
"138.10000","2.30143","14.18340"
"138.20000","2.30319","14.17786"
"138.30000","2.30483","14.16724"
"138.40000","2.30644","14.15774"
"138.50000","2.30805","14.14842"
"138.60000","2.30972","14.14278"
"138.70000","2.31132","14.13403"
"138.80000","2.31287","14.12311"
"138.90000","2.31449","14.11727"
"139.00000","2.31614","14.11097"
"139.10000","2.31780","14.10524"
"139.20000","2.31950","14.10033"
"139.30000","2.32115","14.09368"
"139.40000","2.32283","14.08871"
"139.50000","2.32451","14.08232"
"139.60000","2.32621","14.07681"
"139.70000","2.32785","14.06872"
"139.80000","2.32969","14.06831"
"139.90000","2.33151","14.06523"
"140.00000","2.33321","14.05688"
"140.10000","2.33484","14.04701"
"140.20000","2.33650","14.03911"
"140.30000","2.33813","14.03032"
"140.40000","2.33976","14.02152"
"140.50000","2.34140","14.01316"
"140.60000","2.34297","14.00322"
"140.70000","2.34454","13.99535"
"140.80000","2.34617","13.98892"
"140.90000","2.34783","13.98402"
"141.00000","2.34948","13.97862"
"141.10000","2.35126","13.98134"
"141.20000","2.35281","13.96904"
"141.30000","2.35458","13.96706"
"141.40000","2.35632","13.96183"
"141.50000","2.35803","13.95635"
"141.60000","2.35974","13.94985"
"141.70000","2.36145","13.94389"
"141.80000","2.36311","13.93591"
"141.90000","2.36472","13.92678"
"142.00000","2.36639","13.92052"
"142.10000","2.36804","13.91334"
"142.20000","2.36969","13.90536"
"142.30000","2.37135","13.89861"
"142.40000","2.37303","13.89201"
"142.50000","2.37467","13.88346"
"142.60000","2.37634","13.87673"
"142.70000","2.37793","13.86725"
"142.80000","2.37951","13.85905"
"142.90000","2.38117","13.85408"
"143.00000","2.38281","13.84816"
"143.10000","2.38458","13.84655"
"143.20000","2.38639","13.84534"
"143.30000","2.38810","13.83935"
"143.40000","2.38971","13.83030"
"143.50000","2.39138","13.82462"
"143.60000","2.39303","13.81704"
"143.70000","2.39468","13.81031"
"143.80000","2.39634","13.80408"
"143.90000","2.39800","13.79770"
"144.00000","2.39970","13.79280"
"144.10000","2.40135","13.78859"
"144.20000","2.40303","13.78405"
"144.30000","2.40464","13.77414"
"144.40000","2.40635","13.76859"
"144.50000","2.40802","13.76122"
"144.60000","2.40977","13.75769"
"144.70000","2.41143","13.74996"
"144.80000","2.41295","13.73908"
"144.90000","2.41453","13.73136"
"145.00000","2.41625","13.72936"
"145.10000","2.41799","13.72532"
"145.20000","2.41965","13.71837"
"145.30000","2.42125","13.70932"
"145.40000","2.42282","13.70130"
"145.50000","2.42452","13.69780"
"145.60000","2.42622","13.69297"
"145.70000","2.42787","13.68573"
"145.80000","2.42953","13.67912"
"145.90000","2.43126","13.67448"
"146.00000","2.43300","13.66974"
"146.10000","2.43470","13.66385"
"146.20000","2.43634","13.65546"
"146.30000","2.43806","13.65052"
"146.40000","2.43985","13.64754"
"146.50000","2.44153","13.63888"
"146.60000","2.44318","13.63130"
"146.70000","2.44480","13.62302"
"146.80000","2.44633","13.61191"
"146.90000","2.44794","13.60623"
"147.00000","2.44955","13.59930"
"147.10000","2.45117","13.59275"
"147.20000","2.45285","13.58729"
"147.30000","2.45450","13.58009"
"147.40000","2.45618","13.57473"
"147.50000","2.45784","13.56788"
"147.60000","2.45954","13.56348"
"147.70000","2.46118","13.55532"
"147.80000","2.46300","13.55569"
"147.90000","2.46476","13.55037"
"148.00000","2.46644","13.54239"
"148.10000","2.46814","13.53627"
"148.20000","2.46983","13.52926"
"148.30000","2.47149","13.52197"
"148.40000","2.47310","13.51285"
"148.50000","2.47475","13.50575"
"148.60000","2.47635","13.49831"
"148.70000","2.47794","13.49110"
"148.80000","2.47948","13.48163"
"148.90000","2.48110","13.47640"
"149.00000","2.48281","13.47326"
"149.10000","2.48450","13.46862"
"149.20000","2.48617","13.46256"
"149.30000","2.48784","13.45678"
"149.40000","2.48953","13.45224"
"149.50000","2.49120","13.44648"
"149.60000","2.49281","13.43880"
"149.70000","2.49468","13.43985"
"149.80000","2.49647","13.43493"
"149.90000","2.49850","13.46766"
"150.00000","2.49996","13.43716"
"150.10000","2.50133","13.42013"
"150.20000","2.50298","13.41629"
"150.30000","2.50469","13.41156"
"150.40000","2.50635","13.40373"
"150.50000","2.50798","13.39443"
"150.60000","2.50961","13.38636"
"150.70000","2.51123","13.37882"
"150.80000","2.51287","13.37205"
"150.90000","2.51443","13.36249"
"151.00000","2.51610","13.35879"
"151.10000","2.51791","13.35820"
"151.20000","2.51955","13.34904"
"151.30000","2.52124","13.34370"
"151.40000","2.52297","13.33797"
"151.50000","2.52474","13.33352"
"151.60000","2.52637","13.32444"
"151.70000","2.52801","13.31691"
"151.80000","2.52967","13.30876"
"151.90000","2.53136","13.30389"
"152.00000","2.53302","13.29577"
"152.10000","2.53463","13.28640"
"152.20000","2.53622","13.27766"
"152.30000","2.53786","13.27067"
"152.40000","2.53958","13.26622"
"152.50000","2.54130","13.26073"
"152.60000","2.54299","13.25395"
"152.70000","2.54470","13.24710"
"152.80000","2.54625","13.23609"
"152.90000","2.54787","13.22863"
"153.00000","2.54955","13.22319"
"153.10000","2.55127","13.21892"
"153.20000","2.55297","13.21287"
"153.30000","2.55469","13.20761"
"153.40000","2.55636","13.20053"
"153.50000","2.55791","13.19029"
"153.60000","2.55951","13.18271"
"153.70000","2.56121","13.17757"
"153.80000","2.56288","13.17094"
"153.90000","2.56451","13.16257"
"154.00000","2.56621","13.15557"
"154.10000","2.56795","13.14353"
"154.20000","2.56961","13.11344"
"154.30000","2.57124","13.09169"
"154.40000","2.57311","13.08440"
"154.50000","2.57484","13.07456"
"154.60000","2.57646","13.06548"
"154.70000","2.57808","13.05797"
"154.80000","2.57970","13.05192"
"154.90000","2.58128","13.04509"
"155.00000","2.58286","13.03824"
"155.10000","2.58452","13.03444"
"155.20000","2.58619","13.03130"
"155.30000","2.58785","13.02676"
"155.40000","2.58952","13.02187"
"155.50000","2.59117","13.01620"
"155.60000","2.59285","13.01225"
"155.70000","2.59455","13.00989"
"155.80000","2.59638","13.01278"
"155.90000","2.59798","13.00215"
"156.00000","2.59956","12.99353"
"156.10000","2.60123","12.99004"
"156.20000","2.60304","12.99030"
"156.30000","2.60484","12.98888"
"156.40000","2.60653","12.98316"
"156.50000","2.60809","12.97419"
"156.60000","2.60972","12.96935"
"156.70000","2.61138","12.96483"
"156.80000","2.61300","12.95838"
"156.90000","2.61454","12.95038"
"157.00000","2.61610","12.94372"
"157.10000","2.61777","12.94047"
"157.20000","2.61947","12.93800"
"157.30000","2.62117","12.93427"
"157.40000","2.62288","12.93050"
"157.50000","2.62452","12.92378"
"157.60000","2.62620","12.92061"
"157.70000","2.62801","12.91987"
"157.80000","2.62976","12.91552"
"157.90000","2.63145","12.91012"
"158.00000","2.63309","12.90293"
"158.10000","2.63474","12.89729"
"158.20000","2.63643","12.89304"
"158.30000","2.63805","12.88642"
"158.40000","2.63971","12.88125"
"158.50000","2.64136","12.87499"
"158.60000","2.64296","12.86613"
"158.70000","2.64456","12.85793"
"158.80000","2.64617","12.84909"
"158.90000","2.64780","12.83808"
"159.00000","2.64948","12.82750"
"159.10000","2.65118","12.81925"
"159.20000","2.65283","12.81026"
"159.30000","2.65454","12.80639"
"159.40000","2.65626","12.80310"
"159.50000","2.65794","12.79629"
"159.60000","2.65973","12.79402"
"159.70000","2.66148","12.78919"
"159.80000","2.66308","12.77891"
"159.90000","2.66473","12.77290"
"160.00000","2.66639","12.76726"
"160.10000","2.66805","12.76228"
"160.20000","2.66970","12.75566"
"160.30000","2.67134","12.74854"
"160.40000","2.67296","12.73976"
"160.50000","2.67459","12.73275"
"160.60000","2.67628","12.72757"
"160.70000","2.67799","12.72308"
"160.80000","2.67957","12.71277"
"160.90000","2.68124","12.70899"
"161.00000","2.68298","12.70586"
"161.10000","2.68465","12.69904"
"161.20000","2.68624","12.69408"
"161.30000","2.68805","12.69627"
"161.40000","2.68969","12.68633"
"161.50000","2.69130","12.67931"
"161.60000","2.69297","12.67465"
"161.70000","2.69462","12.66838"
"161.80000","2.69622","12.66157"
"161.90000","2.69785","12.65646"
"162.00000","2.69956","12.65306"
"162.10000","2.70123","12.64708"
"162.20000","2.70288","12.64120"
"162.30000","2.70463","12.63801"
"162.40000","2.70634","12.63235"
"162.50000","2.70799","12.62502"
"162.60000","2.70972","12.62172"
"162.70000","2.71135","12.61418"
"162.80000","2.71301","12.60895"
"162.90000","2.71472","12.60467"
"163.00000","2.71641","12.60025"
"163.10000","2.71814","12.59841"
"163.20000","2.71965","12.58391"
"163.30000","2.72123","12.57270"
"163.40000","2.72286","12.56061"
"163.50000","2.72450","12.54988"
"163.60000","2.72622","12.54314"
"163.70000","2.72787","12.53510"
"163.80000","2.72952","12.53076"
"163.90000","2.73125","12.52901"
"164.00000","2.73295","12.52641"
"164.10000","2.73455","12.51857"
"164.20000","2.73636","12.51964"
"164.30000","2.73817","12.51698"
"164.40000","2.73982","12.51106"
"164.50000","2.74146","12.50479"
"164.60000","2.74316","12.50225"
"164.70000","2.74477","12.49499"
"164.80000","2.74629","12.48824"
"164.90000","2.74788","12.48370"
"165.00000","2.74951","12.48084"
"165.10000","2.75122","12.48445"
"165.20000","2.75284","12.47643"
"165.30000","2.75446","12.46998"
"165.40000","2.75613","12.46636"
"165.50000","2.75785","12.46260"
"165.60000","2.75954","12.45580"
"165.70000","2.76119","12.44643"
"165.80000","2.76289","12.43772"
"165.90000","2.76458","12.42756"
"166.00000","2.76637","12.42294"
"166.10000","2.76820","12.41771"
"166.20000","2.76989","12.40803"
"166.30000","2.77149","12.39913"
"166.40000","2.77311","12.39277"
"166.50000","2.77482","12.38918"
"166.60000","2.77642","12.37985"
"166.70000","2.77792","12.36970"
"166.80000","2.77948","12.36378"
"166.90000","2.78124","12.36592"
"167.00000","2.78283","12.35560"
"167.10000","2.78445","12.35078"
"167.20000","2.78619","12.34958"
"167.30000","2.78788","12.34377"
"167.40000","2.78950","12.33807"
"167.50000","2.79127","12.33745"
"167.60000","2.79299","12.33280"
"167.70000","2.79475","12.32927"
"167.80000","2.79645","12.32434"
"167.90000","2.79818","12.32494"
"168.00000","2.79982","12.31647"
"168.10000","2.80137","12.30880"
"168.20000","2.80300","12.30386"
"168.30000","2.80472","12.30197"
"168.40000","2.80638","12.29478"
"168.50000","2.80796","12.28710"
"168.60000","2.80955","12.28096"
"168.70000","2.81119","12.27692"
"168.80000","2.81281","12.27139"
"168.90000","2.81447","12.26819"
"169.00000","2.81614","12.26656"
"169.10000","2.81778","12.25895"
"169.20000","2.81958","12.25592"
"169.30000","2.82135","12.24900"
"169.40000","2.82308","12.24254"
"169.50000","2.82473","12.23583"
"169.60000","2.82640","12.23159"
"169.70000","2.82806","12.22814"
"169.80000","2.82970","12.22469"
"169.90000","2.83133","12.22043"
"170.00000","2.83300","12.21838"
"170.10000","2.83467","12.21539"
"170.20000","2.83635","12.21237"
"170.30000","2.83798","12.20757"
"170.40000","2.83965","12.20451"
"170.50000","2.84135","12.20208"
"170.60000","2.84301","12.19683"
"170.70000","2.84464","12.19288"
"170.80000","2.84624","12.18819"
"170.90000","2.84794","12.19059"
"171.00000","2.84971","12.18787"
"171.10000","2.85136","12.18196"
"171.20000","2.85300","12.17585"
"171.30000","2.85458","12.16769"
"171.40000","2.85620","12.15992"
"171.50000","2.85789","12.15050"
"171.60000","2.85953","12.13982"
"171.70000","2.86119","12.13159"
"171.80000","2.86288","12.12657"
"171.90000","2.86454","12.11975"
"172.00000","2.86619","12.11514"
"172.10000","2.86790","12.11136"
"172.20000","2.86959","12.10742"
"172.30000","2.87131","12.10383"
"172.40000","2.87300","12.09996"
"172.50000","2.87478","12.09876"
"172.60000","2.87644","12.09351"
"172.70000","2.87805","12.08804"
"172.80000","2.87970","12.08567"
"172.90000","2.88134","12.08473"
"173.00000","2.88304","12.08035"
"173.10000","2.88464","12.07537"
"173.20000","2.88621","12.06923"
"173.30000","2.88781","12.06601"
"173.40000","2.88952","12.06530"
"173.50000","2.89120","12.06148"
"173.60000","2.89288","12.05880"
"173.70000","2.89455","12.05487"
"173.80000","2.89624","12.05255"
"173.90000","2.89788","12.04717"
"174.00000","2.89965","12.04805"
"174.10000","2.90154","12.04957"
"174.20000","2.90314","12.03850"
"174.30000","2.90474","12.03215"
"174.40000","2.90646","12.02803"
"174.50000","2.90814","12.02148"
"174.60000","2.90972","12.01326"
"174.70000","2.91133","12.00853"
"174.80000","2.91291","12.00245"
"174.90000","2.91446","11.99695"
"175.00000","2.91613","11.99596"
"175.10000","2.91782","11.99557"
"175.20000","2.91947","11.99355"
"175.30000","2.92114","11.99305"
"175.40000","2.92285","11.99172"
"175.50000","2.92454","11.98948"
"175.60000","2.92623","11.98847"
"175.70000","2.92787","11.98416"
"175.80000","2.92965","11.98662"
"175.90000","2.93151","11.99283"
"176.00000","2.93332","11.98806"
"176.10000","2.93483","11.97592"
"176.20000","2.93648","11.97054"
"176.30000","2.93815","11.96093"
"176.40000","2.93977","11.94936"
"176.50000","2.94140","11.94017"
"176.60000","2.94302","11.93289"
"176.70000","2.94462","11.92654"
"176.80000","2.94616","11.92007"
"176.90000","2.94777","11.91728"
"177.00000","2.94950","11.91768"
"177.10000","2.95121","11.91393"
"177.20000","2.95279","11.90921"
"177.30000","2.95462","11.91164"
"177.40000","2.95637","11.90881"
"177.50000","2.95802","11.90499"
"177.60000","2.95973","11.90468"
"177.70000","2.96142","11.90188"
"177.80000","2.96304","11.89786"
"177.90000","2.96473","11.89634"
"178.00000","2.96643","11.89278"
"178.10000","2.96802","11.88683"
"178.20000","2.96970","11.88582"
"178.30000","2.97136","11.88114"
"178.40000","2.97299","11.87746"
"178.50000","2.97463","11.87439"
"178.60000","2.97627","11.87013"
"178.70000","2.97788","11.86594"
"178.80000","2.97951","11.86054"
"178.90000","2.98118","11.85764"
"179.00000","2.98283","11.85365"
"179.10000","2.98462","11.85322"
"179.20000","2.98636","11.85101"
"179.30000","2.98808","11.85335"
"179.40000","2.98977","11.84931"
"179.50000","2.99132","11.84368"
"179.60000","2.99295","11.84233"
"179.70000","2.99462","11.84066"
"179.80000","2.99628","11.83770"
"179.90000","2.99794","11.83542"
"180.00000","2.99960","11.83444"
"180.10000","3.00126","11.83146"
"180.20000","3.00295","11.83056"
"180.30000","3.00466","11.82894"
"180.40000","3.00641","11.82852"
"180.50000","3.00803","11.82179"
"180.60000","3.00971","11.81912"
"180.70000","3.01135","11.81198"
"180.80000","3.01302","11.80490"
"180.90000","3.01471","11.79652"
"181.00000","3.01639","11.79045"
"181.10000","3.01798","11.78281"
"181.20000","3.01956","11.77740"
"181.30000","3.02119","11.77446"
"181.40000","3.02289","11.77259"
"181.50000","3.02453","11.76871"
"181.60000","3.02615","11.76590"
"181.70000","3.02787","11.76552"
"181.80000","3.02958","11.76341"
"181.90000","3.03126","11.76102"
"182.00000","3.03296","11.75906"
"182.10000","3.03467","11.75761"
"182.20000","3.03635","11.75476"
"182.30000","3.03803","11.75200"
"182.40000","3.03987","11.75441"
"182.50000","3.04155","11.75004"
"182.60000","3.04317","11.74517"
"182.70000","3.04473","11.74061"
"182.80000","3.04631","11.73661"
"182.90000","3.04796","11.73409"
"183.00000","3.04954","11.72857"
"183.10000","3.05113","11.72432"
"183.20000","3.05283","11.72439"
"183.30000","3.05451","11.72120"
"183.40000","3.05615","11.71890"
"183.50000","3.05784","11.71906"
"183.60000","3.05957","11.71859"
"183.70000","3.06115","11.71428"
"183.80000","3.06299","11.71928"
"183.90000","3.06472","11.71681"
"184.00000","3.06651","11.72213"
"184.10000","3.06820","11.71789"
"184.20000","3.06982","11.71402"
"184.30000","3.07146","11.71103"
"184.40000","3.07309","11.70791"
"184.50000","3.07478","11.70464"
"184.60000","3.07637","11.69861"
"184.70000","3.07793","11.69098"
"184.80000","3.07949","11.68387"
"184.90000","3.08113","11.67783"
"185.00000","3.08285","11.67343"
"185.10000","3.08451","11.66728"
"185.20000","3.08616","11.66245"
"185.30000","3.08785","11.65992"
"185.40000","3.08954","11.65835"
"185.50000","3.09122","11.65633"
"185.60000","3.09288","11.65362"
"185.70000","3.09465","11.65524"
"185.80000","3.09642","11.65469"
"185.90000","3.09813","11.65218"
"186.00000","3.09983","11.64993"
"186.10000","3.10152","11.64826"
"186.20000","3.10310","11.64230"
"186.30000","3.10468","11.63782"
"186.40000","3.10636","11.63794"
"186.50000","3.10803","11.63399"
"186.60000","3.10964","11.62837"
"186.70000","3.11117","11.62225"
"186.80000","3.11282","11.62088"
"186.90000","3.11442","11.61489"
"187.00000","3.11613","11.61635"
"187.10000","3.11795","11.61724"
"187.20000","3.11960","11.61386"
"187.30000","3.12127","11.61207"
"187.40000","3.12297","11.61263"
"187.50000","3.12474","11.61311"
"187.60000","3.12638","11.60942"
"187.70000","3.12798","11.60650"
"187.80000","3.12964","11.60533"
"187.90000","3.13151","11.62771"
"188.00000","3.13307","11.61148"
"188.10000","3.13458","11.60540"
"188.20000","3.13623","11.60256"
"188.30000","3.13790","11.59655"
"188.40000","3.13959","11.56453"
"188.50000","3.14127","11.54890"
"188.60000","3.14293","11.53890"
"188.70000","3.14460","11.53106"
"188.80000","3.14613","11.51958"
"188.90000","3.14784","11.51842"
"189.00000","3.14964","11.51593"
"189.10000","3.15136","11.51071"
"189.20000","3.15304","11.50631"
"189.30000","3.15468","11.50182"
"189.40000","3.15628","11.49641"
"189.50000","3.15786","11.49175"
"189.60000","3.15952","11.48968"
"189.70000","3.16117","11.48686"
"189.80000","3.16289","11.48459"
"189.90000","3.16454","11.47935"
"190.00000","3.16624","11.47831"
"190.10000","3.16799","11.47558"
"190.20000","3.16968","11.47164"
"190.30000","3.17132","11.46747"
"190.40000","3.17313","11.46753"
"190.50000","3.17483","11.46202"
"190.60000","3.17646","11.45648"
"190.70000","3.17804","11.45069"
"190.80000","3.17963","11.44675"
"190.90000","3.18124","11.44300"
"191.00000","3.18287","11.44126"
"191.10000","3.18452","11.43961"
"191.20000","3.18617","11.43801"
"191.30000","3.18783","11.43664"
"191.40000","3.18949","11.43603"
"191.50000","3.19118","11.43473"
"191.60000","3.19280","11.43169"
"191.70000","3.19453","11.43336"
"191.80000","3.19639","11.43818"
"191.90000","3.19801","11.43083"
"192.00000","3.19957","11.42349"
"192.10000","3.20123","11.42047"
"192.20000","3.20306","11.41821"
"192.30000","3.20488","11.41005"
"192.40000","3.20650","11.39938"
"192.50000","3.20812","11.39419"
"192.60000","3.20976","11.39022"
"192.70000","3.21135","11.38529"
"192.80000","3.21293","11.38204"
"192.90000","3.21451","11.37899"
"193.00000","3.21617","11.37843"
"193.10000","3.21781","11.37500"
"193.20000","3.21943","11.37240"
"193.30000","3.22114","11.37377"
"193.40000","3.22284","11.37296"
"193.50000","3.22451","11.37002"
"193.60000","3.22619","11.36909"
"193.70000","3.22805","11.37200"
"193.80000","3.22979","11.36783"
"193.90000","3.23149","11.36721"
"194.00000","3.23314","11.36145"
"194.10000","3.23475","11.35795"
"194.20000","3.23645","11.35578"
"194.30000","3.23812","11.35264"
"194.40000","3.23969","11.34708"
"194.50000","3.24133","11.34474"
"194.60000","3.24301","11.34468"
"194.70000","3.24458","11.33923"
"194.80000","3.24609","11.33509"
"194.90000","3.24779","11.33725"
"195.00000","3.24950","11.33712"
"195.10000","3.25114","11.33520"
"195.20000","3.25282","11.33475"
"195.30000","3.25454","11.33487"
"195.40000","3.25618","11.33131"
"195.50000","3.25796","11.33186"
"195.60000","3.25975","11.32899"
"195.70000","3.26144","11.32176"
"195.80000","3.26315","11.31456"
"195.90000","3.26475","11.30644"
"196.00000","3.26639","11.30309"
"196.10000","3.26806","11.30039"
"196.20000","3.26970","11.29639"
"196.30000","3.27136","11.29469"
"196.40000","3.27302","11.29290"
"196.50000","3.27469","11.29150"
"196.60000","3.27634","11.28948"
"196.70000","3.27798","11.28744"
"196.80000","3.27952","11.28208"
"196.90000","3.28121","11.28405"
"197.00000","3.28295","11.28391"
"197.10000","3.28466","11.28629"
"197.20000","3.28639","11.28297"
"197.30000","3.28804","11.28004"
"197.40000","3.28968","11.27771"
"197.50000","3.29129","11.27385"
"197.60000","3.29291","11.27102"
"197.70000","3.29456","11.26907"
"197.80000","3.29625","11.26792"
"197.90000","3.29790","11.26435"
"198.00000","3.29963","11.26918"
"198.10000","3.30131","11.26533"
"198.20000","3.30295","11.26259"
"198.30000","3.30464","11.26216"
"198.40000","3.30632","11.25990"
"198.50000","3.30801","11.25764"
"198.60000","3.30967","11.25437"
"198.70000","3.31125","11.24981"
"198.80000","3.31290","11.24823"
"198.90000","3.31462","11.24669"
"199.00000","3.31638","11.24418"
"199.10000","3.31806","11.23798"
"199.20000","3.31966","11.22941"
"199.30000","3.32129","11.22533"
"199.40000","3.32289","11.22058"
"199.50000","3.32452","11.21821"
"199.60000","3.32621","11.21873"
"199.70000","3.32783","11.21471"
"199.80000","3.32953","11.21473"
"199.90000","3.33128","11.21465"
"200.00000","3.33302","11.21381"
"200.10000","3.33471","11.21119"
"200.20000","3.33646","11.20561"
"200.30000","3.33811","11.19881"
"200.40000","3.33977","11.19626"
"200.50000","3.34150","11.19594"
"200.60000","3.34316","11.19249"
"200.70000","3.34470","11.18650"
"200.80000","3.34626","11.18330"
"200.90000","3.34786","11.18012"
"201.00000","3.34955","11.18031"
"201.10000","3.35123","11.18213"
"201.20000","3.35281","11.17638"
"201.30000","3.35447","11.17671"
"201.40000","3.35617","11.17721"
"201.50000","3.35781","11.17535"
"201.60000","3.35950","11.17478"
"201.70000","3.36121","11.17532"
"201.80000","3.36291","11.17347"
"201.90000","3.36468","11.17981"
"202.00000","3.36654","11.17618"
"202.10000","3.36813","11.16961"
"202.20000","3.36979","11.16568"
"202.30000","3.37154","11.16200"
"202.40000","3.37320","11.15400"
"202.50000","3.37480","11.14721"
"202.60000","3.37634","11.14035"
"202.70000","3.37789","11.13739"
"202.80000","3.37954","11.13733"
"202.90000","3.38117","11.13669"
"203.00000","3.38287","11.13529"
"203.10000","3.38447","11.13207"
"203.20000","3.38618","11.13291"
"203.30000","3.38787","11.13096"
"203.40000","3.38951","11.12837"
"203.50000","3.39128","11.13102"
"203.60000","3.39304","11.13110"
"203.70000","3.39473","11.12865"
"203.80000","3.39645","11.12892"
"203.90000","3.39816","11.12640"
"204.00000","3.39977","11.12191"
"204.10000","3.40138","11.11848"
"204.20000","3.40305","11.11762"
"204.30000","3.40470","11.11540"
"204.40000","3.40638","11.11485"
"204.50000","3.40801","11.11218"
"204.60000","3.40958","11.10837"
"204.70000","3.41110","11.10506"
"204.80000","3.41274","11.10611"
"204.90000","3.41449","11.11061"
"205.00000","3.41615","11.10408"
"205.10000","3.41773","11.10067"
"205.20000","3.41951","11.10395"
"205.30000","3.42135","11.10421"
"205.40000","3.42313","11.10108"
"205.50000","3.42472","11.09242"
"205.60000","3.42636","11.08928"
"205.70000","3.42806","11.08744"
"205.80000","3.42973","11.08413"
"205.90000","3.43141","11.08261"
"206.00000","3.43301","11.07892"
"206.10000","3.43464","11.07598"
"206.20000","3.43630","11.07528"
"206.30000","3.43801","11.07449"
"206.40000","3.43971","11.07223"
"206.50000","3.44134","11.06878"
"206.60000","3.44291","11.06331"
"206.70000","3.44454","11.06303"
"206.80000","3.44621","11.06420"
"206.90000","3.44792","11.06506"
"207.00000","3.44971","11.07110"
"207.10000","3.45134","11.06716"
"207.20000","3.45296","11.06666"
"207.30000","3.45461","11.06587"
"207.40000","3.45623","11.06511"
"207.50000","3.45785","11.06310"
"207.60000","3.45949","11.06384"
"207.70000","3.46118","11.06361"
"207.80000","3.46289","11.06543"
"207.90000","3.46454","11.06395"
"208.00000","3.46627","11.06996"
"208.10000","3.46805","11.06795"
"208.20000","3.46969","11.06278"
"208.30000","3.47133","11.06076"
"208.40000","3.47295","11.05752"
"208.50000","3.47472","11.06022"
"208.60000","3.47646","11.05926"
"208.70000","3.47807","11.05495"
"208.80000","3.47967","11.05364"
"208.90000","3.48135","11.05541"
"209.00000","3.48300","11.05267"
"209.10000","3.48465","11.05417"
"209.20000","3.48626","11.05067"
"209.30000","3.48786","11.04848"
"209.40000","3.48950","11.04744"
"209.50000","3.49115","11.04805"
"209.60000","3.49284","11.04828"
"209.70000","3.49452","11.05084"
"209.80000","3.49630","11.05181"
"209.90000","3.49790","11.04720"
"210.00000","3.49968","11.04987"
"210.10000","3.50148","11.05132"
"210.20000","3.50317","11.04912"
"210.30000","3.50477","11.04491"
"210.40000","3.50643","11.04482"
"210.50000","3.50807","11.04308"
"210.60000","3.50969","11.04151"
"210.70000","3.51131","11.04007"
"210.80000","3.51288","11.03760"
"210.90000","3.51449","11.03728"
"211.00000","3.51616","11.03858"
"211.10000","3.51784","11.03847"
"211.20000","3.51949","11.03674"
"211.30000","3.52116","11.03598"
"211.40000","3.52282","11.03438"
"211.50000","3.52451","11.03463"
"211.60000","3.52622","11.03465"
"211.70000","3.52786","11.03343"
"211.80000","3.52968","11.03778"
"211.90000","3.53158","11.04379"
"212.00000","3.53326","11.03750"
"212.10000","3.53479","11.03115"
"212.20000","3.53644","11.03190"
"212.30000","3.53814","11.03135"
"212.40000","3.53978","11.02894"
"212.50000","3.54135","11.02591"
"212.60000","3.54294","11.02450"
"212.70000","3.54452","11.02329"
"212.80000","3.54617","11.02376"
"212.90000","3.54782","11.02354"
"213.00000","3.54951","11.02460"
"213.10000","3.55121","11.02427"
"213.20000","3.55279","11.02231"
"213.30000","3.55461","11.02818"
"213.40000","3.55638","11.02898"
"213.50000","3.55807","11.02771"
"213.60000","3.55971","11.02638"
"213.70000","3.56140","11.02751"
"213.80000","3.56309","11.02714"
"213.90000","3.56474","11.02594"
"214.00000","3.56643","11.02617"
"214.10000","3.56811","11.02736"
"214.20000","3.56967","11.02244"
"214.30000","3.57128","11.02110"
"214.40000","3.57299","11.02137"
"214.50000","3.57467","11.02067"
"214.60000","3.57633","11.01989"
"214.70000","3.57791","11.01718"
"214.80000","3.57949","11.01661"
"214.90000","3.58119","11.01806"
"215.00000","3.58284","11.01849"
"215.10000","3.58458","11.01964"
"215.20000","3.58634","11.02128"
"215.30000","3.58809","11.02268"
"215.40000","3.58972","11.01948"
"215.50000","3.59136","11.01866"
"215.60000","3.59305","11.02022"
"215.70000","3.59468","11.01819"
"215.80000","3.59631","11.01714"
"215.90000","3.59799","11.01735"
"216.00000","3.59968","11.01771"
"216.10000","3.60136","11.01757"
"216.20000","3.60299","11.01496"
"216.30000","3.60473","11.01740"
"216.40000","3.60642","11.01617"
"216.50000","3.60801","11.01175"
"216.60000","3.60969","11.01303"
"216.70000","3.61136","11.01235"
"216.80000","3.61303","11.01230"
"216.90000","3.61471","11.01213"
"217.00000","3.61637","11.01232"
"217.10000","3.61802","11.01102"
"217.20000","3.61964","11.00957"
"217.30000","3.62122","11.00732"
"217.40000","3.62287","11.00850"
"217.50000","3.62456","11.00902"
"217.60000","3.62618","11.00712"
"217.70000","3.62783","11.00720"
"217.80000","3.62954","11.00892"
"217.90000","3.63129","11.01532"
"218.00000","3.63307","11.01346"
"218.10000","3.63469","11.01070"
"218.20000","3.63635","11.00908"
"218.30000","3.63809","11.01186"
"218.40000","3.63981","11.01128"
"218.50000","3.64144","11.00808"
"218.60000","3.64312","11.00934"
"218.70000","3.64477","11.00920"
"218.80000","3.64635","11.00574"
"218.90000","3.64801","11.00774"
"219.00000","3.64958","11.00470"
"219.10000","3.65114","11.00414"
"219.20000","3.65285","11.00599"
"219.30000","3.65452","11.00605"
"219.40000","3.65613","11.00424"
"219.50000","3.65783","11.00734"
"219.60000","3.65958","11.00904"
"219.70000","3.66118","11.00662"
"219.80000","3.66299","11.01136"
"219.90000","3.66479","11.01257"
"220.00000","3.66646","11.01042"
"220.10000","3.66813","11.01021"
"220.20000","3.66978","11.00797"
"220.30000","3.67149","11.00970"
"220.40000","3.67313","11.00684"
"220.50000","3.67473","11.00454"
"220.60000","3.67631","11.00262"
"220.70000","3.67790","11.00076"
"220.80000","3.67948","11.00079"
"220.90000","3.68118","11.00233"
"221.00000","3.68284","11.00211"
"221.10000","3.68449","11.00277"
"221.20000","3.68616","11.00246"
"221.30000","3.68786","11.00286"
"221.40000","3.68954","11.00253"
"221.50000","3.69119","11.00214"
"221.60000","3.69286","11.00304"
"221.70000","3.69467","11.00633"
"221.80000","3.69646","11.00749"
"221.90000","3.69818","11.00677"
"222.00000","3.70004","11.02640"
"222.10000","3.70151","11.01038"
"222.20000","3.70298","11.00717"
"222.30000","3.70466","11.01037"
"222.40000","3.70632","11.00908"
"222.50000","3.70793","11.00644"
"222.60000","3.70958","11.00636"
"222.70000","3.71124","11.00560"
"222.80000","3.71285","11.00453"
"222.90000","3.71438","10.99913"
"223.00000","3.71613","11.00723"
"223.10000","3.71796","11.00900"
"223.20000","3.71958","11.00634"
"223.30000","3.72126","11.00766"
"223.40000","3.72292","11.00699"
"223.50000","3.72466","11.00951"
"223.60000","3.72638","11.00853"
"223.70000","3.72804","11.00527"
"223.80000","3.72968","11.00428"
"223.90000","3.73136","11.00538"
"224.00000","3.73299","11.00337"
"224.10000","3.73462","11.00262"
"224.20000","3.73630","11.00321"
"224.30000","3.73796","11.00138"
"224.40000","3.73961","11.00108"
"224.50000","3.74129","11.00093"
"224.60000","3.74290","10.99967"
"224.70000","3.74456","11.00004"
"224.80000","3.74612","10.99711"
"224.90000","3.74782","11.00111"
"225.00000","3.74963","11.00485"
"225.10000","3.75136","11.00482"
"225.20000","3.75305","11.00484"
"225.30000","3.75470","11.00346"
"225.40000","3.75631","11.00209"
"225.50000","3.75789","10.99934"
"225.60000","3.75955","11.00180"
"225.70000","3.76125","11.00616"
"225.80000","3.76293","11.00455"
"225.90000","3.76451","11.00254"
"226.00000","3.76623","11.00455"
"226.10000","3.76798","11.00758"
"226.20000","3.76965","11.00724"
"226.30000","3.77125","11.00791"
"226.40000","3.77310","11.01724"
"226.50000","3.77489","11.01719"
"226.60000","3.77642","11.01371"
"226.70000","3.77799","11.01457"
"226.80000","3.77966","11.01886"
"226.90000","3.78130","11.02189"
"227.00000","3.78293","11.02561"
"227.10000","3.78452","11.02793"
"227.20000","3.78616","11.03274"
"227.30000","3.78785","11.03832"
"227.40000","3.78949","11.04076"
"227.50000","3.79112","11.04494"
"227.60000","3.79282","11.04981"
"227.70000","3.79456","11.05575"
"227.80000","3.79626","11.05725"
"227.90000","3.79793","11.06487"
"228.00000","3.79963","11.06369"
"228.10000","3.80132","11.06738"
"228.20000","3.80312","11.07271"
"228.30000","3.80482","11.07411"
"228.40000","3.80651","11.07616"
"228.50000","3.80814","11.07626"
"228.60000","3.80974","11.07769"
"228.70000","3.81132","11.07933"
"228.80000","3.81288","11.08093"
"228.90000","3.81451","11.08518"
"229.00000","3.81618","11.08856"
"229.10000","3.81783","11.09041"
"229.20000","3.81945","11.09294"
"229.30000","3.82116","11.09573"
"229.40000","3.82284","11.09892"
"229.50000","3.82451","11.10078"
"229.60000","3.82619","11.10418"
"229.70000","3.82800","11.11024"
"229.80000","3.82979","11.11745"
"229.90000","3.83158","11.11433"
"230.00000","3.83312","11.11012"
"230.10000","3.83472","11.11312"
"230.20000","3.83644","11.11718"
"230.30000","3.83808","11.11683"
"230.40000","3.83973","11.11775"
"230.50000","3.84135","11.11748"
"230.60000","3.84290","11.11597"
"230.70000","3.84448","11.11781"
"230.80000","3.84612","11.12141"
"230.90000","3.84782","11.12570"
"231.00000","3.84951","11.12875"
"231.10000","3.85117","11.12970"
"231.20000","3.85283","11.13225"
"231.30000","3.85454","11.13518"
"231.40000","3.85620","11.13449"
"231.50000","3.85795","11.13495"
"231.60000","3.85974","11.13526"
"231.70000","3.86148","11.13669"
"231.80000","3.86319","11.12582"
"231.90000","3.86472","11.11143"
"232.00000","3.86639","11.10733"
"232.10000","3.86806","11.09839"
"232.20000","3.86965","11.09218"
"232.30000","3.87132","11.09071"
"232.40000","3.87303","11.09016"
"232.50000","3.87465","11.08811"
"232.60000","3.87626","11.08840"
"232.70000","3.87790","11.08978"
"232.80000","3.87947","11.08654"
"232.90000","3.88124","11.09401"
"233.00000","3.88294","11.09580"
"233.10000","3.88465","11.09529"
"233.20000","3.88631","11.09591"
"233.30000","3.88801","11.09935"
"233.40000","3.88969","11.10166"
"233.50000","3.89132","11.10293"
"233.60000","3.89294","11.10482"
"233.70000","3.89457","11.10734"
"233.80000","3.89627","11.11220"
"233.90000","3.89797","11.12027"
"234.00000","3.89964","11.11926"
"234.10000","3.90124","11.11939"
"234.20000","3.90289","11.12412"
"234.30000","3.90461","11.12878"
"234.40000","3.90632","11.13264"
"234.50000","3.90804","11.13607"
"234.60000","3.90972","11.13897"
"234.70000","3.91129","11.13794"
"234.80000","3.91290","11.14275"
"234.90000","3.91461","11.14991"
"235.00000","3.91632","11.15919"
"235.10000","3.91806","11.16288"
"235.20000","3.91968","11.16419"
"235.30000","3.92127","11.16590"
"235.40000","3.92285","11.16885"
"235.50000","3.92453","11.17394"
"235.60000","3.92621","11.17773"
"235.70000","3.92788","11.18218"
"235.80000","3.92953","11.19001"
"235.90000","3.93132","11.19465"
"236.00000","3.93303","11.19675"
"236.10000","3.93462","11.19855"
"236.20000","3.93639","11.20569"
"236.30000","3.93819","11.21160"
"236.40000","3.93983","11.21157"
"236.50000","3.94144","11.21299"
"236.60000","3.94314","11.21757"
"236.70000","3.94472","11.21622"
"236.80000","3.94629","11.21911"
"236.90000","3.94796","11.22573"
"237.00000","3.94953","11.22574"
"237.10000","3.95113","11.22946"
"237.20000","3.95282","11.23495"
"237.30000","3.95447","11.23897"
"237.40000","3.95615","11.24442"
"237.50000","3.95785","11.24947"
"237.60000","3.95954","11.25472"
"237.70000","3.96131","11.26468"
"237.80000","3.96298","11.26309"
"237.90000","3.96459","11.26720"
"238.00000","3.96638","11.27745"
"238.10000","3.96821","11.28460"
"238.20000","3.96990","11.28519"
"238.30000","3.97149","11.28611"
"238.40000","3.97311","11.29075"
"238.50000","3.97476","11.29577"
"238.60000","3.97635","11.29873"
"238.70000","3.97791","11.30138"
"238.80000","3.97956","11.31087"
"238.90000","3.98113","11.31160"
"239.00000","3.98277","11.31851"
"239.10000","3.98448","11.32507"
"239.20000","3.98619","11.33055"
"239.30000","3.98786","11.33458"
"239.40000","3.98949","11.33778"
"239.50000","3.99124","11.34481"
"239.60000","3.99297","11.35232"
"239.70000","3.99469","11.35855"
"239.80000","3.99647","11.37088"
"239.90000","3.99818","11.37216"
"240.00000","3.99977","11.37362"
"240.10000","4.00139","11.37854"
"240.20000","4.00307","11.38490"
"240.30000","4.00469","11.38692"
"240.40000","4.00636","11.39322"
"240.50000","4.00799","11.39743"
"240.60000","4.00952","11.39842"
"240.70000","4.01108","11.40456"
"240.80000","4.01285","11.41842"
"240.90000","4.01453","11.42195"
"241.00000","4.01612","11.42300"
"241.10000","4.01771","11.42864"
"241.20000","4.01951","11.44147"
"241.30000","4.02134","11.45114"
"241.40000","4.02313","11.45818"
"241.50000","4.02473","11.45959"
"241.60000","4.02640","11.46751"
"241.70000","4.02809","11.47321"
"241.80000","4.02973","11.47646"
"241.90000","4.03137","11.48208"
"242.00000","4.03303","11.48747"
"242.10000","4.03466","11.49722"
"242.20000","4.03643","11.50509"
"242.30000","4.03801","11.50447"
"242.40000","4.03964","11.50969"
"242.50000","4.04127","11.51426"
"242.60000","4.04285","11.51633"
"242.70000","4.04459","11.52607"
"242.80000","4.04626","11.53067"
"242.90000","4.04793","11.53643"
"243.00000","4.04956","11.54076"
"243.10000","4.05123","11.54897"
"243.20000","4.05295","11.55641"
"243.30000","4.05458","11.56040"
"243.40000","4.05622","11.56912"
"243.50000","4.05787","11.57598"
"243.60000","4.05952","11.58607"
"243.70000","4.06122","11.59660"
"243.80000","4.06290","11.60516"
"243.90000","4.06455","11.61251"
"244.00000","4.06621","11.62147"
"244.10000","4.06793","11.63437"
"244.20000","4.06974","11.64408"
"244.30000","4.07138","11.64727"
"244.40000","4.07297","11.65349"
"244.50000","4.07473","11.66679"
"244.60000","4.07641","11.67326"
"244.70000","4.07806","11.68179"
"244.80000","4.07972","11.68962"
"244.90000","4.08133","11.69824"
"245.00000","4.08295","11.70636"
"245.10000","4.08458","11.71413"
"245.20000","4.08618","11.72266"
"245.26500","4.08727","11.46942"
"245.26800","4.08732","11.10479"
"245.27000","4.08736","10.79917"
"245.27200","4.08739","10.45803"
"245.27400","4.08743","10.09085"
"245.27600","4.08746","9.70549"
"245.27800","4.08750","9.30960"
"245.28000","4.08753","8.90999"
"245.28200","4.08757","8.51259"
"245.28400","4.08761","8.12240"
"245.28600","4.08764","7.74361"
"245.28800","4.08768","7.37965"
"245.29000","4.08772","7.03311"
"245.29100","4.08774","6.86704"
