General : Start date,8/13/2020,
General : End date,8/13/2020,
General : Unique identifier,{DFF2766D-729E-41B5-9032-750C02F4CE43},
Specimen notes : Length, D1, D2
Specimen notes : Genotype and WR,1311 P5 W1 4,
Break (Standard) : Load at Break (Standard),6.00785,N
Maximum Load : Maximum Load,8.50848,N
,,
Time,Extension,Load
(s),(mm),(N)
0,0,0.86028
0.1,0.00009,0.861
0.2,0.0006,0.86888
0.3,0.00146,0.88056
0.4,0.00299,0.90143
0.5,0.00522,0.93071
0.6,0.00813,0.96914
0.7,0.01104,1.0053
0.8,0.013,1.02766
0.9,0.01466,1.04605
1,0.01628,1.0641
1.1,0.01791,1.08259
1.2,0.01954,1.10135
1.3,0.02124,1.12104
1.4,0.02286,1.13844
1.5,0.02448,1.15722
1.6,0.02608,1.17514
1.7,0.02769,1.1931
1.8,0.02948,1.21325
1.9,0.03122,1.23172
2,0.03292,1.25006
2.1,0.03463,1.26858
2.2,0.03644,1.28833
2.3,0.03813,1.30497
2.4,0.0397,1.32127
2.5,0.04128,1.33678
2.6,0.04292,1.35348
2.7,0.04457,1.37042
2.8,0.04623,1.38749
2.9,0.04791,1.40443
3,0.04967,1.42321
3.1,0.05141,1.44049
3.2,0.05303,1.45655
3.3,0.05463,1.47223
3.4,0.0562,1.48793
3.5,0.05796,1.50602
3.6,0.05973,1.5244
3.7,0.06142,1.54104
3.8,0.06306,1.55633
3.9,0.06478,1.57441
4,0.06653,1.5916
4.1,0.06814,1.60697
4.2,0.0697,1.62127
4.3,0.07127,1.63626
4.4,0.07287,1.65144
4.5,0.07459,1.66796
4.6,0.07626,1.68445
4.7,0.07791,1.69988
4.8,0.07956,1.71531
4.9,0.08119,1.73116
5,0.08282,1.74618
5.1,0.08455,1.76284
5.2,0.08622,1.77879
5.3,0.08786,1.79373
5.4,0.0895,1.80931
5.5,0.09123,1.8265
5.6,0.09291,1.84213
5.7,0.09454,1.85752
5.8,0.0962,1.87291
5.9,0.09783,1.88776
6,0.09945,1.90199
6.1,0.10108,1.91617
6.2,0.10291,1.93019
6.3,0.10437,1.94276
6.4,0.10603,1.95822
6.5,0.10774,1.97495
6.6,0.10941,1.98972
6.7,0.11097,2.00315
6.8,0.11286,2.02181
6.9,0.11463,2.03893
7,0.11636,2.05407
7.1,0.11805,2.06913
7.2,0.11974,2.08406
7.3,0.12136,2.09853
7.4,0.12294,2.11203
7.5,0.12451,2.12583
7.6,0.12618,2.14094
7.7,0.12783,2.15547
7.8,0.12953,2.17105
7.9,0.13123,2.18679
8,0.13293,2.20245
8.1,0.13464,2.21749
8.2,0.13618,2.22966
8.3,0.13805,2.2482
8.4,0.13985,2.26464
8.5,0.14152,2.27945
8.6,0.1432,2.2945
8.7,0.14483,2.3091
8.8,0.14639,2.32212
8.9,0.14806,2.33711
9,0.14971,2.35192
9.1,0.15141,2.3657
9.2,0.15295,2.37894
9.3,0.15459,2.39439
9.4,0.15623,2.40914
9.5,0.15786,2.42402
9.6,0.15947,2.43853
9.7,0.16117,2.45454
9.8,0.16285,2.46977
9.9,0.16452,2.48487
10,0.16616,2.49985
10.1,0.1679,2.51539
10.2,0.16965,2.53199
10.3,0.17141,2.54722
10.4,0.17309,2.56205
10.5,0.17474,2.57664
10.6,0.17636,2.59058
10.7,0.17797,2.60401
10.8,0.17955,2.61721
10.9,0.18121,2.63123
11,0.18284,2.64566
11.1,0.18452,2.66055
11.2,0.18622,2.67645
11.3,0.18792,2.69187
11.4,0.18959,2.70672
11.5,0.19121,2.72073
11.6,0.19291,2.73648
11.7,0.19466,2.7532
11.8,0.19637,2.76879
11.9,0.19803,2.78384
12,0.19974,2.79953
12.1,0.20139,2.81349
12.2,0.20305,2.82847
12.3,0.20471,2.84341
12.4,0.20627,2.85626
12.5,0.20781,2.86877
12.6,0.20942,2.88306
12.7,0.21106,2.89729
12.8,0.21272,2.91135
12.9,0.21439,2.92577
13,0.21607,2.94103
13.1,0.21772,2.95468
13.2,0.2194,2.96912
13.3,0.22106,2.98347
13.4,0.22276,2.99863
13.5,0.22448,3.01443
13.6,0.22622,3.02992
13.7,0.2279,3.04492
13.8,0.22953,3.05876
13.9,0.23119,3.07343
14,0.2329,3.08878
14.1,0.23462,3.10479
14.2,0.23637,3.12098
14.3,0.23812,3.13734
14.4,0.23975,3.15168
14.5,0.24146,3.16757
14.6,0.24313,3.18192
14.7,0.24471,3.19578
14.8,0.24644,3.2117
14.9,0.24821,3.22889
15,0.24988,3.24291
15.1,0.25158,3.25876
15.2,0.25328,3.27395
15.3,0.25487,3.2876
15.4,0.25642,3.30036
15.5,0.25804,3.31525
15.6,0.25968,3.33035
15.7,0.26127,3.34447
15.8,0.26287,3.35858
15.9,0.26452,3.37376
16,0.26621,3.39048
16.1,0.26785,3.4051
16.2,0.26951,3.42051
16.3,0.27125,3.43711
16.4,0.27301,3.4537
16.5,0.27464,3.46803
16.6,0.27639,3.4859
16.7,0.27829,3.50546
16.8,0.27999,3.52043
16.9,0.28164,3.53484
17,0.28328,3.54961
17.1,0.28492,3.56414
17.2,0.28654,3.57874
17.3,0.28809,3.5913
17.4,0.28967,3.60657
17.5,0.29121,3.61944
17.6,0.29279,3.63427
17.7,0.29441,3.64912
17.8,0.29608,3.66582
17.9,0.29769,3.68017
18,0.29932,3.69486
18.1,0.30109,3.71257
18.2,0.30287,3.73087
18.3,0.30451,3.74449
18.4,0.30623,3.76111
18.5,0.30792,3.77607
18.6,0.30962,3.79102
18.7,0.31133,3.80759
18.8,0.31302,3.8228
18.9,0.31462,3.8362
19,0.3162,3.84984
19.1,0.31781,3.86412
19.2,0.31947,3.87849
19.3,0.32116,3.89498
19.4,0.32281,3.90991
19.5,0.32446,3.92499
19.6,0.32612,3.941
19.7,0.32775,3.95691
19.8,0.32947,3.97506
19.9,0.33114,3.99003
20,0.33301,4.00992
20.1,0.33487,4.02971
20.2,0.3366,4.04476
20.3,0.33828,4.0615
20.4,0.3399,4.07457
20.5,0.34156,4.09065
20.6,0.3432,4.10401
20.7,0.34491,4.1214
20.8,0.3466,4.13806
20.9,0.3483,4.15377
21,0.35,4.17129
21.1,0.35164,4.18634
21.2,0.35324,4.20123
21.3,0.35491,4.21843
21.4,0.35675,4.23963
21.5,0.35854,4.25774
21.6,0.36006,4.27003
21.7,0.3616,4.28424
21.8,0.36341,4.3046
21.9,0.36518,4.32145
22,0.36665,4.33427
22.1,0.36825,4.3487
22.2,0.37006,4.36974
22.3,0.37168,4.38421
22.4,0.37325,4.39909
22.5,0.37485,4.41443
22.6,0.37654,4.43148
22.7,0.37825,4.44889
22.8,0.37987,4.46422
22.9,0.38147,4.47866
23,0.3831,4.49524
23.1,0.38472,4.50904
23.2,0.38636,4.52499
23.3,0.388,4.54016
23.4,0.38962,4.55513
23.5,0.39119,4.5682
23.6,0.39276,4.58098
23.7,0.39441,4.59577
23.8,0.396,4.60886
23.9,0.39757,4.6209
24,0.39917,4.6351
24.1,0.40078,4.64798
24.2,0.40246,4.66152
24.3,0.40423,4.67773
24.4,0.40603,4.69336
24.5,0.40769,4.70499
24.6,0.40934,4.71728
24.7,0.41111,4.73246
24.8,0.4128,4.74555
24.9,0.41453,4.75935
25,0.41621,4.77163
25.1,0.41788,4.78385
25.2,0.41947,4.79353
25.3,0.42107,4.80409
25.4,0.42271,4.8156
25.5,0.42437,4.82724
25.6,0.42603,4.83926
25.7,0.42772,4.85076
25.8,0.42941,4.86292
25.9,0.43109,4.87417
26,0.43283,4.88792
26.1,0.43451,4.89879
26.2,0.43611,4.90785
26.3,0.43781,4.91895
26.4,0.43951,4.93002
26.5,0.44144,4.94644
26.6,0.44322,4.95954
26.7,0.44484,4.96988
26.8,0.4465,4.98086
26.9,0.44819,4.99282
27,0.44984,5.00378
27.1,0.45142,5.01376
27.2,0.45305,5.02531
27.3,0.45471,5.03728
27.4,0.45637,5.04954
27.5,0.45803,5.06105
27.6,0.45961,5.0712
27.7,0.46116,5.08028
27.8,0.46269,5.08979
27.9,0.46437,5.10341
28,0.46613,5.11678
28.1,0.46783,5.12943
28.2,0.46951,5.1409
28.3,0.47121,5.15278
28.4,0.4729,5.16428
28.5,0.47463,5.17693
28.6,0.47634,5.18857
28.7,0.47791,5.19665
28.8,0.47946,5.20517
28.9,0.48113,5.21628
29,0.48279,5.22643
29.1,0.48438,5.23557
29.2,0.48605,5.24712
29.3,0.48772,5.25657
29.4,0.48939,5.26714
29.5,0.49107,5.27796
29.6,0.49276,5.2883
29.7,0.49443,5.29778
29.8,0.49625,5.31145
29.9,0.49807,5.32399
30,0.49984,5.33533
30.1,0.50154,5.34444
30.2,0.5032,5.35339
30.3,0.50493,5.36433
30.4,0.50662,5.37456
30.5,0.50828,5.38304
30.6,0.50991,5.39125
30.7,0.51156,5.40066
30.8,0.51319,5.40935
30.9,0.51486,5.42038
31,0.51655,5.43054
31.1,0.51801,5.43477
31.2,0.5198,5.4487
31.3,0.52155,5.45984
31.4,0.52319,5.46889
31.5,0.5247,5.47411
31.6,0.52624,5.48108
31.7,0.52788,5.49018
31.8,0.52951,5.49875
31.9,0.5311,5.50609
32,0.53267,5.51336
32.1,0.53426,5.52086
32.2,0.53588,5.52933
32.3,0.5375,5.53745
32.4,0.53923,5.54786
32.5,0.54092,5.55699
32.6,0.54265,5.56648
32.7,0.54429,5.57398
32.8,0.54594,5.58097
32.9,0.54758,5.58826
33,0.54917,5.59486
33.1,0.5508,5.60177
33.2,0.55259,5.61273
33.3,0.55441,5.62358
33.4,0.55617,5.6323
33.5,0.55783,5.63932
33.6,0.55943,5.64458
33.7,0.56103,5.65072
33.8,0.56263,5.65704
33.9,0.56436,5.66628
34,0.56614,5.67622
34.1,0.56786,5.68481
34.2,0.56954,5.69192
34.3,0.57126,5.70005
34.4,0.57297,5.70766
34.5,0.57489,5.72162
34.6,0.57688,5.73545
34.7,0.57849,5.73992
34.8,0.57995,5.74227
34.9,0.58163,5.75117
35,0.58332,5.75941
35.1,0.58495,5.7668
35.2,0.58656,5.77391
35.3,0.58831,5.7845
35.4,0.59001,5.79372
35.5,0.59156,5.7996
35.6,0.59319,5.80788
35.7,0.59487,5.81694
35.8,0.59651,5.82518
35.9,0.59813,5.83279
36,0.59979,5.84168
36.1,0.6015,5.85091
36.2,0.6032,5.86048
36.3,0.60482,5.86765
36.4,0.60649,5.87685
36.5,0.60829,5.88899
36.6,0.60998,5.89771
36.7,0.61163,5.90555
36.8,0.61332,5.91418
36.9,0.61495,5.92185
37,0.61646,5.92724
37.1,0.61808,5.93521
37.2,0.61978,5.94581
37.3,0.62153,5.95717
37.4,0.62323,5.96664
37.5,0.62484,5.97453
37.6,0.62652,5.98368
37.7,0.62818,5.99145
37.8,0.62993,6.00249
37.9,0.63166,6.01149
38,0.63333,6.02037
38.1,0.63497,6.02876
38.2,0.63661,6.03623
38.3,0.63824,6.04375
38.4,0.63988,6.05157
38.5,0.64148,6.05862
38.6,0.64311,6.06568
38.7,0.6447,6.07289
38.8,0.64633,6.07976
38.9,0.64793,6.08647
39,0.64952,6.09281
39.1,0.65115,6.10053
39.2,0.65272,6.10668
39.3,0.65434,6.11404
39.4,0.65601,6.12298
39.5,0.65773,6.13213
39.6,0.65942,6.14085
39.7,0.66108,6.14871
39.8,0.66278,6.15702
39.9,0.66448,6.16565
40,0.66615,6.17308
40.1,0.66779,6.17971
40.2,0.66944,6.18644
40.3,0.67109,6.19337
40.4,0.67273,6.19996
40.5,0.67442,6.2085
40.6,0.67603,6.21351
40.7,0.67775,6.22206
40.8,0.67945,6.22943
40.9,0.68114,6.2367
41,0.68282,6.24319
41.1,0.68461,6.25237
41.2,0.68619,6.25642
41.3,0.68776,6.26155
41.4,0.68948,6.26944
41.5,0.69122,6.27873
41.6,0.69295,6.28687
41.7,0.69459,6.29255
41.8,0.69625,6.29924
41.9,0.6979,6.30571
42,0.69956,6.31309
42.1,0.70124,6.32061
42.2,0.70292,6.32853
42.3,0.70459,6.33526
42.4,0.7063,6.3434
42.5,0.70804,6.35167
42.6,0.70964,6.35574
42.7,0.71119,6.3598
42.8,0.71304,6.37024
42.9,0.7148,6.37847
43,0.71642,6.38341
43.1,0.71809,6.38996
43.2,0.71978,6.39699
43.3,0.72135,6.40175
43.4,0.72295,6.40768
43.5,0.72462,6.41554
43.6,0.72625,6.42236
43.7,0.72786,6.42902
43.8,0.72958,6.43823
43.9,0.73127,6.4456
44,0.73288,6.45111
44.1,0.73457,6.45892
44.2,0.73616,6.464
44.3,0.73795,6.4743
44.4,0.73969,6.48251
44.5,0.74129,6.48712
44.6,0.74289,6.49178
44.7,0.74456,6.49832
44.8,0.74622,6.50363
44.9,0.7479,6.51032
45,0.74956,6.51607
45.1,0.75124,6.52293
45.2,0.75285,6.52776
45.3,0.7545,6.53427
45.4,0.75617,6.54139
45.5,0.75781,6.54723
45.6,0.75944,6.55283
45.7,0.76112,6.56015
45.8,0.76272,6.5647
45.9,0.7643,6.56809
46,0.76586,6.57283
46.1,0.76758,6.58062
46.2,0.76938,6.59001
46.3,0.77113,6.59684
46.4,0.77283,6.60238
46.5,0.77449,6.60693
46.6,0.7762,6.61309
46.7,0.77784,6.61789
46.8,0.77948,6.6229
46.9,0.78116,6.62865
47,0.78283,6.63404
47.1,0.78447,6.63895
47.2,0.78605,6.64277
47.3,0.78768,6.64749
47.4,0.78937,6.65519
47.5,0.79099,6.6594
47.6,0.79276,6.66784
47.7,0.79456,6.67657
47.8,0.79628,6.68236
47.9,0.79791,6.68601
48,0.7996,6.693
48.1,0.80133,6.69934
48.2,0.80302,6.70465
48.3,0.80471,6.71027
48.4,0.80639,6.71575
48.5,0.80808,6.72118
48.6,0.80976,6.72628
48.7,0.81144,6.73274
48.8,0.81319,6.7401
48.9,0.81478,6.74398
49,0.81641,6.74904
49.1,0.81811,6.75604
49.2,0.81983,6.7633
49.3,0.82144,6.76827
49.4,0.82311,6.77501
49.5,0.82485,6.7833
49.6,0.82657,6.79079
49.7,0.82823,6.79727
49.8,0.82983,6.80136
49.9,0.83144,6.80626
50,0.83306,6.81244
50.1,0.83475,6.81967
50.2,0.83639,6.82443
50.3,0.83805,6.83064
50.4,0.8397,6.83598
50.5,0.84135,6.84164
50.6,0.84295,6.8462
50.7,0.84451,6.84865
50.8,0.84618,6.85574
50.9,0.84802,6.86514
51,0.84971,6.87066
51.1,0.85139,6.87639
51.2,0.85306,6.88293
51.3,0.85463,6.88536
51.4,0.85625,6.89093
51.5,0.85792,6.89806
51.6,0.85961,6.90426
51.7,0.86127,6.91165
51.8,0.86285,6.91513
51.9,0.86452,6.92117
52,0.86626,6.92931
52.1,0.86793,6.93485
52.2,0.86957,6.94032
52.3,0.87127,6.94616
52.4,0.87295,6.95142
52.5,0.87454,6.95467
52.6,0.87624,6.96096
52.7,0.87807,6.9696
52.8,0.87985,6.97721
52.9,0.88142,6.97989
53,0.88302,6.98335
53.1,0.88462,6.98749
53.2,0.8862,6.99164
53.3,0.88779,6.99634
53.4,0.88948,7.00609
53.5,0.89103,7.00925
53.6,0.89266,7.01577
53.7,0.89436,7.02423
53.8,0.89614,7.03304
53.9,0.89783,7.03955
54,0.89941,7.04385
54.1,0.90099,7.04828
54.2,0.90269,7.05531
54.3,0.90448,7.06336
54.4,0.9062,7.07108
54.5,0.908,7.07985
54.6,0.9097,7.08565
54.7,0.91136,7.09122
54.8,0.91304,7.09725
54.9,0.91469,7.1037
55,0.91639,7.11173
55.1,0.91804,7.11809
55.2,0.91955,7.12149
55.3,0.92108,7.12554
55.4,0.92269,7.13269
55.5,0.92436,7.14042
55.6,0.92614,7.15255
55.7,0.92779,7.15941
55.8,0.92948,7.16701
55.9,0.93104,7.17182
56,0.93285,7.18286
56.1,0.93484,7.19767
56.2,0.93663,7.20666
56.3,0.93822,7.21099
56.4,0.93984,7.21774
56.5,0.9416,7.22612
56.6,0.9432,7.23095
56.7,0.94482,7.23698
56.8,0.94648,7.24379
56.9,0.94819,7.2517
57,0.94984,7.25869
57.1,0.95151,7.26867
57.2,0.95306,7.27251
57.3,0.95465,7.2792
57.4,0.95645,7.29114
57.5,0.95812,7.29912
57.6,0.95976,7.30625
57.7,0.96153,7.31775
57.8,0.96324,7.32608
57.9,0.96489,7.33273
58,0.96645,7.33611
58.1,0.96804,7.34269
58.2,0.96973,7.35104
58.3,0.97135,7.35815
58.4,0.97303,7.36492
58.5,0.97463,7.37016
58.6,0.97625,7.37634
58.7,0.97787,7.38172
58.8,0.97954,7.39052
58.9,0.98124,7.39893
59,0.98288,7.40476
59.1,0.98455,7.41203
59.2,0.98614,7.41646
59.3,0.9878,7.42395
59.4,0.98959,7.4347
59.5,0.99135,7.44372
59.6,0.99303,7.44979
59.7,0.99464,7.45562
59.8,0.99634,7.4631
59.9,0.998,7.47042
60,0.99962,7.4757
60.1,1.00131,7.48293
60.2,1.00308,7.49135
60.3,1.00479,7.49898
60.4,1.00644,7.5053
60.5,1.00792,7.5063
60.6,1.0097,7.51718
60.7,1.01169,7.53127
60.8,1.01328,7.53398
60.9,1.01492,7.53886
61,1.01665,7.54682
61.1,1.0182,7.55053
61.2,1.01972,7.55298
61.3,1.02135,7.55996
61.4,1.023,7.56573
61.5,1.0246,7.57036
61.6,1.02614,7.5745
61.7,1.02779,7.58095
61.8,1.0294,7.58678
61.9,1.03099,7.59103
62,1.03264,7.59717
62.1,1.03429,7.60364
62.2,1.0359,7.60838
62.3,1.03751,7.6137
62.4,1.0391,7.61737
62.5,1.04083,7.62434
62.6,1.04264,7.63355
62.7,1.04444,7.6414
62.8,1.04618,7.64874
62.9,1.04785,7.6531
63,1.04949,7.65713
63.1,1.0511,7.6609
63.2,1.05269,7.66345
63.3,1.05433,7.66854
63.4,1.05602,7.67626
63.5,1.05772,7.6811
63.6,1.0594,7.68633
63.7,1.06112,7.69296
63.8,1.06274,7.69469
63.9,1.06451,7.70162
64,1.06635,7.694
64.1,1.06817,7.70133
64.2,1.06985,7.70727
64.3,1.0714,7.71099
64.4,1.0731,7.71918
64.5,1.07496,7.73067
64.6,1.07669,7.73801
64.7,1.07824,7.7405
64.8,1.07978,7.74457
64.9,1.08144,7.74989
65,1.08306,7.75491
65.1,1.08469,7.76224
65.2,1.08635,7.76851
65.3,1.08804,7.77583
65.4,1.08974,7.78346
65.5,1.09143,7.78911
65.6,1.09304,7.79321
65.7,1.09467,7.79935
65.8,1.09642,7.80742
65.9,1.09815,7.8145
66,1.0998,7.8196
66.1,1.10153,7.82769
66.2,1.10316,7.8316
66.3,1.1048,7.83693
66.4,1.10645,7.8422
66.5,1.10803,7.84402
66.6,1.10968,7.85018
66.7,1.11136,7.85696
66.8,1.11305,7.86282
66.9,1.11469,7.86731
67,1.11637,7.87357
67.1,1.11792,7.87631
67.2,1.1196,7.88514
67.3,1.12147,7.89452
67.4,1.12322,7.90147
67.5,1.12491,7.90748
67.6,1.12651,7.91093
67.7,1.12807,7.91293
67.8,1.12973,7.91949
67.9,1.13136,7.92419
68,1.133,7.92896
68.1,1.13456,7.9306
68.2,1.13611,7.93453
68.3,1.13777,7.93988
68.4,1.1394,7.94384
68.5,1.141,7.94649
68.6,1.14268,7.9521
68.7,1.1443,7.9558
68.8,1.14599,7.96169
68.9,1.14774,7.96914
69,1.14935,7.97271
69.1,1.15101,7.97737
69.2,1.15279,7.98514
69.3,1.15462,7.99336
69.4,1.1564,7.99916
69.5,1.15809,8.0024
69.6,1.15972,8.00436
69.7,1.16139,8.0096
69.8,1.1631,8.01565
69.9,1.16474,8.0172
70,1.16637,8.02069
70.1,1.1681,8.02515
70.2,1.16985,8.03127
70.3,1.17161,8.03777
70.4,1.17326,8.04026
70.5,1.17504,8.04701
70.6,1.17683,8.05397
70.7,1.17845,8.05681
70.8,1.18009,8.05852
70.9,1.18178,8.06393
71,1.18335,8.06528
71.1,1.18496,8.06874
71.2,1.18655,8.07222
71.3,1.18813,8.07492
71.4,1.18981,8.0814
71.5,1.19142,8.08388
71.6,1.19302,8.08765
71.7,1.1947,8.09264
71.8,1.19635,8.09774
71.9,1.19803,8.10359
72,1.1997,8.10813
72.1,1.20141,8.11554
72.2,1.20307,8.11981
72.3,1.20473,8.12396
72.4,1.20646,8.12905
72.5,1.20827,8.13708
72.6,1.20992,8.14002
72.7,1.21148,8.14126
72.8,1.21308,8.14302
72.9,1.21474,8.14761
73,1.21638,8.15085
73.1,1.21792,8.15183
73.2,1.21948,8.15337
73.3,1.22117,8.15938
73.4,1.22288,8.16432
73.5,1.22457,8.17075
73.6,1.22623,8.1747
73.7,1.22791,8.18
73.8,1.22978,8.1899
73.9,1.23164,8.19871
74,1.23329,8.19173
74.1,1.23493,8.17734
74.2,1.23649,8.18118
74.3,1.23811,8.18648
74.4,1.23978,8.19281
74.5,1.24146,8.19801
74.6,1.24311,8.203
74.7,1.24475,8.20747
74.8,1.24646,8.21392
74.9,1.24815,8.21871
75,1.24973,8.22086
75.1,1.25132,8.22492
75.2,1.25285,8.22591
75.3,1.25445,8.23005
75.4,1.25611,8.23604
75.5,1.25789,8.24454
75.6,1.25959,8.25025
75.7,1.26126,8.25541
75.8,1.2629,8.26004
75.9,1.26457,8.26526
76,1.26614,8.267
76.1,1.26772,8.26917
76.2,1.26937,8.27309
76.3,1.271,8.27568
76.4,1.27266,8.2807
76.5,1.27443,8.28687
76.6,1.27611,8.29003
76.7,1.27781,8.29373
76.8,1.27955,8.29789
76.9,1.28121,8.30085
77,1.2829,8.30467
77.1,1.28471,8.31037
77.2,1.28637,8.31234
77.3,1.28798,8.31425
77.4,1.28961,8.31705
77.5,1.29133,8.3207
77.6,1.293,8.32502
77.7,1.29463,8.32673
77.8,1.2962,8.32826
77.9,1.29786,8.33172
78,1.29948,8.33395
78.1,1.30106,8.33433
78.2,1.30267,8.33788
78.3,1.30432,8.34078
78.4,1.30603,8.34524
78.5,1.30771,8.34887
78.6,1.30932,8.34921
78.7,1.31094,8.34973
78.8,1.31286,8.35787
78.9,1.3146,8.36214
79,1.31635,8.36527
79.1,1.31802,8.36678
79.2,1.31948,8.36413
79.3,1.32097,8.36223
79.4,1.3226,8.36435
79.5,1.32423,8.3663
79.6,1.32589,8.36881
79.7,1.32753,8.37102
79.8,1.32923,8.37344
79.9,1.33096,8.37705
80,1.33266,8.38005
80.1,1.3344,8.3838
80.2,1.33598,8.3825
80.3,1.33784,8.39011
80.4,1.33965,8.39349
80.5,1.34141,8.39587
80.6,1.34314,8.3979
80.7,1.34487,8.39934
80.8,1.34653,8.40046
80.9,1.34811,8.39942
81,1.34972,8.39971
81.1,1.35137,8.40108
81.2,1.35289,8.40072
81.3,1.35446,8.39982
81.4,1.35612,8.40343
81.5,1.35777,8.40582
81.6,1.35938,8.40675
81.7,1.36102,8.40867
81.8,1.36263,8.40997
81.9,1.36427,8.41204
82,1.36588,8.41237
82.1,1.36755,8.41527
82.2,1.36943,8.4219
82.3,1.37129,8.42686
82.4,1.37303,8.42856
82.5,1.37477,8.43094
82.6,1.37645,8.43067
82.7,1.37807,8.43039
82.8,1.37976,8.43273
82.9,1.38143,8.43322
83,1.38299,8.43088
83.1,1.38457,8.4311
83.2,1.38613,8.43106
83.3,1.38778,8.43288
83.4,1.38948,8.43584
83.5,1.39109,8.43627
83.6,1.39279,8.43915
83.7,1.39459,8.44322
83.8,1.39629,8.44541
83.9,1.39802,8.44797
84,1.39974,8.4503
84.1,1.40138,8.45038
84.2,1.40304,8.45227
84.3,1.40476,8.45356
84.4,1.40645,8.45529
84.5,1.40814,8.45664
84.6,1.40992,8.46075
84.7,1.41166,8.46332
84.8,1.41331,8.46363
84.9,1.41491,8.46364
85,1.41653,8.46378
85.1,1.41823,8.4666
85.2,1.41995,8.46874
85.3,1.42152,8.46741
85.4,1.42325,8.47261
85.5,1.42506,8.47825
85.6,1.42666,8.47726
85.7,1.42822,8.47559
85.8,1.42981,8.47612
85.9,1.43146,8.47778
86,1.43315,8.48016
86.1,1.4347,8.47802
86.2,1.43628,8.47836
86.3,1.43787,8.47771
86.4,1.43956,8.47969
86.5,1.44128,8.48141
86.6,1.443,8.48343
86.7,1.44469,8.48383
86.8,1.44637,8.46259
86.9,1.4482,8.46933
87,1.4499,8.47374
87.1,1.45161,8.47767
87.2,1.45329,8.48058
87.3,1.45484,8.48331
87.4,1.45642,8.48334
87.5,1.45805,8.48545
87.6,1.45976,8.48845
87.7,1.46139,8.48912
87.8,1.46302,8.48963
87.9,1.46469,8.4918
88,1.46632,8.49282
88.1,1.46795,8.49347
88.2,1.4696,8.49443
88.3,1.47124,8.49378
88.4,1.47292,8.49558
88.5,1.47446,8.49335
88.6,1.47612,8.4942
88.7,1.47794,8.49875
88.8,1.47971,8.50064
88.9,1.48145,8.50161
89,1.4831,8.50036
89.1,1.48472,8.50002
89.2,1.48631,8.49939
89.3,1.48798,8.50292
89.4,1.48952,8.50003
89.5,1.49109,8.49783
89.6,1.4928,8.49926
89.7,1.49451,8.50114
89.8,1.49618,8.50076
89.9,1.49781,8.49978
90,1.49939,8.49734
90.1,1.50105,8.49842
90.2,1.50289,8.50259
90.3,1.50467,8.50421
90.4,1.50648,8.50848
90.5,1.50822,8.50745
90.6,1.50982,8.5042
90.7,1.51141,8.50106
90.8,1.51307,8.49957
90.9,1.51473,8.49854
91,1.51635,8.49599
91.1,1.51793,8.49391
91.2,1.51941,8.4895
91.3,1.52101,8.48749
91.4,1.52265,8.48784
91.5,1.52432,8.48772
91.6,1.52603,8.48851
91.7,1.52774,8.4893
91.8,1.52944,8.48869
91.9,1.53105,8.48631
92,1.53287,8.48878
92.1,1.53465,8.4886
92.2,1.53634,8.48762
92.3,1.53803,8.48946
92.4,1.53971,8.48801
92.5,1.54125,8.48221
92.6,1.54281,8.47853
92.7,1.54452,8.47813
92.8,1.54617,8.47636
92.9,1.54781,8.47375
93,1.54946,8.47197
93.1,1.55106,8.46907
93.2,1.55269,8.46935
93.3,1.55435,8.46782
93.4,1.55613,8.47035
93.5,1.55783,8.46963
93.6,1.55951,8.46927
93.7,1.56121,8.4694
93.8,1.56286,8.46734
93.9,1.56459,8.46778
94,1.56628,8.46757
94.1,1.56786,8.46383
94.2,1.56953,8.46422
94.3,1.57118,8.46213
94.4,1.57289,8.46243
94.5,1.57457,8.46137
94.6,1.57647,8.46943
94.7,1.57816,8.46635
94.8,1.57983,8.4651
94.9,1.58149,8.46373
95,1.58312,8.46165
95.1,1.58471,8.45909
95.2,1.58628,8.45748
95.3,1.58793,8.45682
95.4,1.58961,8.45745
95.5,1.5912,8.45475
95.6,1.59285,8.45593
95.7,1.59448,8.45468
95.8,1.59616,8.45397
95.9,1.59776,8.45263
96,1.59937,8.45089
96.1,1.60105,8.45088
96.2,1.60276,8.45116
96.3,1.60454,8.45295
96.4,1.60633,8.45523
96.5,1.60806,8.45637
96.6,1.6099,8.45933
96.7,1.61174,8.46129
96.8,1.61337,8.45764
96.9,1.61496,8.45401
97,1.61655,8.45086
97.1,1.61809,8.44766
97.2,1.61964,8.44505
97.3,1.6213,8.44542
97.4,1.6229,8.44313
97.5,1.62451,8.44124
97.6,1.62609,8.43755
97.7,1.6277,8.43604
97.8,1.62934,8.43582
97.9,1.63097,8.43474
98,1.63264,8.43423
98.1,1.63439,8.43553
98.2,1.63607,8.43433
98.3,1.63776,8.43428
98.4,1.63934,8.43096
98.5,1.64107,8.43212
98.6,1.64282,8.43252
98.7,1.64457,8.43248
98.8,1.64633,8.43324
98.9,1.64807,8.43254
99,1.64971,8.43017
99.1,1.65135,8.42762
99.2,1.65292,8.42459
99.3,1.65452,8.42358
99.4,1.65625,8.4249
99.5,1.65797,8.42469
99.6,1.65967,8.4246
99.7,1.66136,8.42319
99.8,1.66287,8.41849
99.9,1.66459,8.42112
100,1.6664,8.42278
100.1,1.66814,8.424
100.2,1.66979,8.42214
100.3,1.67151,8.42261
100.4,1.67326,8.42205
100.5,1.67484,8.41854
100.6,1.67643,8.41679
100.7,1.67807,8.41552
100.8,1.67973,8.41489
100.9,1.6815,8.4164
101,1.68315,8.41472
101.1,1.68477,8.41227
101.2,1.68642,8.41336
101.3,1.68807,8.41363
101.4,1.68973,8.41349
101.5,1.69145,8.41485
101.6,1.69313,8.41502
101.7,1.69477,8.41488
101.8,1.69653,8.4182
101.9,1.69833,8.42059
102,1.70003,8.4201
102.1,1.70168,8.41949
102.2,1.70331,8.41792
102.3,1.70489,8.4161
102.4,1.70647,8.41392
102.5,1.70814,8.41376
102.6,1.70982,8.41413
102.7,1.71146,8.4128
102.8,1.71309,8.41276
102.9,1.71478,8.41227
103,1.7164,8.41206
103.1,1.71788,8.40735
103.2,1.71955,8.4093
103.3,1.72148,8.41732
103.4,1.72328,8.418
103.5,1.72488,8.41508
103.6,1.72655,8.41591
103.7,1.72819,8.41512
103.8,1.7298,8.41333
103.9,1.73142,8.41286
104,1.73303,8.41121
104.1,1.73458,8.40877
104.2,1.73616,8.40706
104.3,1.73785,8.4084
104.4,1.73951,8.408
104.5,1.74117,8.40708
104.6,1.74283,8.40626
104.7,1.74446,8.40422
104.8,1.74604,8.40292
104.9,1.74771,8.4033
105,1.74938,8.4036
105.1,1.75104,8.40217
105.2,1.75268,8.4004
105.3,1.75432,8.39902
105.4,1.756,8.39917
105.5,1.75769,8.39906
105.6,1.75932,8.39712
105.7,1.76096,8.39579
105.8,1.76257,8.39379
105.9,1.76425,8.3932
106,1.76592,8.39174
106.1,1.76766,8.39383
106.2,1.76946,8.39383
106.3,1.77123,8.3946
106.4,1.77292,8.39278
106.5,1.77477,8.39702
106.6,1.77674,8.40091
106.7,1.77835,8.39707
106.8,1.7799,8.39193
106.9,1.78158,8.39177
107,1.78325,8.38996
107.1,1.78476,8.38544
107.2,1.7863,8.38291
107.3,1.78793,8.38101
107.4,1.78955,8.38007
107.5,1.79122,8.37982
107.6,1.79287,8.37859
107.7,1.79448,8.37568
107.8,1.79616,8.37664
107.9,1.79787,8.37608
108,1.79951,8.37457
108.1,1.80118,8.37419
108.2,1.80282,8.3725
108.3,1.8045,8.3717
108.4,1.80628,8.37338
108.5,1.80814,8.37662
108.6,1.80986,8.37461
108.7,1.81146,8.37134
108.8,1.8131,8.36935
108.9,1.81476,8.36816
109,1.81635,8.3651
109.1,1.81799,8.36426
109.2,1.81963,8.36261
109.3,1.82124,8.36178
109.4,1.82291,8.36074
109.5,1.82459,8.36107
109.6,1.82622,8.35895
109.7,1.82789,8.3583
109.8,1.82968,8.36124
109.9,1.83149,8.3632
110,1.8331,8.36064
110.1,1.83472,8.35949
110.2,1.83643,8.35939
110.3,1.8381,8.35854
110.4,1.83973,8.35591
110.5,1.84137,8.35487
110.6,1.84309,8.35513
110.7,1.8447,8.3532
110.8,1.84629,8.3507
110.9,1.84791,8.34978
111,1.8496,8.34899
111.1,1.85127,8.34868
111.2,1.85282,8.34535
111.3,1.85444,8.34543
111.4,1.85608,8.34514
111.5,1.85788,8.34961
111.6,1.85965,8.35011
111.7,1.86145,8.35101
111.8,1.86311,8.34863
111.9,1.86481,8.34882
112,1.86646,8.34773
112.1,1.86808,8.34581
112.2,1.86971,8.34477
112.3,1.87136,8.34343
112.4,1.87303,8.34183
112.5,1.87466,8.34016
112.6,1.87631,8.33944
112.7,1.87799,8.33799
112.8,1.87968,8.33745
112.9,1.88128,8.33445
113,1.88289,8.33266
113.1,1.88467,8.33544
113.2,1.88639,8.33437
113.3,1.88801,8.33232
113.4,1.88968,8.33118
113.5,1.89135,8.33074
113.6,1.89304,8.32981
113.7,1.89469,8.32857
113.8,1.89634,8.32767
113.9,1.89798,8.32684
114,1.89955,8.32498
114.1,1.90115,8.3235
114.2,1.90281,8.32309
114.3,1.90445,8.32179
114.4,1.90613,8.32021
114.5,1.90782,8.32053
114.6,1.90951,8.32037
114.7,1.91117,8.31894
114.8,1.91318,8.32591
114.9,1.91498,8.32537
115,1.91659,8.32223
115.1,1.91817,8.32026
115.2,1.9198,8.31928
115.3,1.92142,8.31709
115.4,1.92305,8.31633
115.5,1.92479,8.32804
115.6,1.92632,8.31922
115.7,1.92781,8.31605
115.8,1.9294,8.31522
115.9,1.9311,8.3154
116,1.93284,8.31608
116.1,1.93455,8.31496
116.2,1.93613,8.31171
116.3,1.93799,8.31607
116.4,1.9398,8.3173
116.5,1.9415,8.31554
116.6,1.94323,8.3162
116.7,1.94493,8.31394
116.8,1.9465,8.30935
116.9,1.94809,8.30762
117,1.94973,8.30604
117.1,1.9514,8.30607
117.2,1.95304,8.30415
117.3,1.95468,8.30343
117.4,1.95623,8.30081
117.5,1.95783,8.29973
117.6,1.95948,8.29875
117.7,1.96115,8.29867
117.8,1.96281,8.29727
117.9,1.96449,8.29757
118,1.96611,8.29587
118.1,1.96785,8.29769
118.2,1.96973,8.30146
118.3,1.97149,8.30184
118.4,1.97319,8.30174
118.5,1.9749,8.30103
118.6,1.97656,8.29974
118.7,1.97826,8.29944
118.8,1.9799,8.29781
118.9,1.98155,8.29775
119,1.98315,8.29509
119.1,1.98476,8.2945
119.2,1.98641,8.29278
119.3,1.9881,8.29377
119.4,1.98972,8.29166
119.5,1.99136,8.29175
119.6,1.99308,8.29227
119.7,1.99475,8.29182
119.8,1.99642,8.29013
119.9,1.99808,8.29072
120,1.99973,8.2901
120.1,2.00137,8.28917
120.2,2.00294,8.28694
120.3,2.00455,8.28562
120.4,2.00621,8.28477
120.5,2.00786,8.2829
120.6,2.0095,8.28195
120.7,2.01117,8.28137
120.8,2.01288,8.28123
120.9,2.0146,8.28174
121,2.0163,8.28015
121.1,2.01794,8.27743
121.2,2.01956,8.27551
121.3,2.02121,8.27503
121.4,2.02285,8.27342
121.5,2.02459,8.27552
121.6,2.02638,8.27799
121.7,2.0281,8.27725
121.8,2.0297,8.27347
121.9,2.0313,8.27168
122,2.03291,8.27045
122.1,2.03448,8.26792
122.2,2.03619,8.26852
122.3,2.0379,8.26844
122.4,2.03957,8.26778
122.5,2.04122,8.26685
122.6,2.0429,8.26545
122.7,2.04459,8.26355
122.8,2.04629,8.26361
122.9,2.04814,8.26733
123,2.04982,8.2652
123.1,2.05147,8.26422
123.2,2.05318,8.26455
123.3,2.05473,8.2602
123.4,2.05633,8.25936
123.5,2.05803,8.26023
123.6,2.05967,8.25824
123.7,2.06123,8.25619
123.8,2.06279,8.25379
123.9,2.06447,8.25496
124,2.06617,8.25465
124.1,2.06789,8.25589
124.2,2.06957,8.25486
124.3,2.07136,8.25832
124.4,2.07341,8.26532
124.5,2.07479,8.25489
124.6,2.07652,8.25886
124.7,2.07848,8.26397
124.8,2.08011,8.26071
124.9,2.08176,8.26036
125,2.08339,8.2587
125.1,2.08492,8.25498
125.2,2.08646,8.25245
125.3,2.08802,8.25025
125.4,2.08952,8.24627
125.5,2.09113,8.24552
125.6,2.09275,8.24349
125.7,2.09438,8.24315
125.8,2.09604,8.24388
125.9,2.09765,8.24074
126,2.09923,8.23903
126.1,2.10099,8.24118
126.2,2.10274,8.24219
126.3,2.10449,8.24228
126.4,2.10617,8.24052
126.5,2.10783,8.24028
126.6,2.10951,8.23792
126.7,2.11114,8.23631
126.8,2.11273,8.23431
126.9,2.11439,8.2332
127,2.11606,8.23178
127.1,2.11765,8.22895
127.2,2.11937,8.23442
127.3,2.12091,8.22699
127.4,2.12247,8.22391
127.5,2.12411,8.22456
127.6,2.1258,8.22459
127.7,2.12747,8.22352
127.8,2.12924,8.22502
127.9,2.13095,8.22357
128,2.13284,8.22735
128.1,2.13473,8.22802
128.2,2.13651,8.22743
128.3,2.13811,8.22299
128.4,2.13971,8.22227
128.5,2.14149,8.22385
128.6,2.14314,8.22116
128.7,2.14482,8.22023
128.8,2.14646,8.21774
128.9,2.14811,8.2158
129,2.14998,8.2229
129.1,2.15146,8.21394
129.2,2.15293,8.20977
129.3,2.15455,8.20979
129.4,2.1563,8.20891
129.5,2.15798,8.13371
129.6,2.15951,8.14607
129.7,2.16111,8.15534
129.8,2.16276,8.1647
129.9,2.16444,8.16959
130,2.16609,8.16656
130.1,2.16768,8.16622
130.2,2.16931,8.16882
130.3,2.17092,8.16948
130.4,2.17265,8.17007
130.5,2.17436,8.16666
130.6,2.17608,8.16866
130.7,2.17778,8.16758
130.8,2.17937,8.16724
130.9,2.18097,8.16606
131,2.18252,8.16348
131.1,2.1842,8.16366
131.2,2.18588,8.16297
131.3,2.18766,8.16535
131.4,2.18952,8.16852
131.5,2.19126,8.16698
131.6,2.19293,8.1672
131.7,2.19467,8.16914
131.8,2.1964,8.1696
131.9,2.19802,8.16465
132,2.19972,8.16108
132.1,2.20137,8.15451
132.2,2.20304,8.15277
132.3,2.20475,8.15478
132.4,2.20645,8.15393
132.5,2.20794,8.14905
132.6,2.20978,8.15549
132.7,2.21178,8.16149
132.8,2.21337,8.15505
132.9,2.21486,8.1517
133,2.21647,8.1519
133.1,2.21815,8.15156
133.2,2.2197,8.14794
133.3,2.22131,8.14849
133.4,2.22295,8.14844
133.5,2.22455,8.14802
133.6,2.22623,8.14966
133.7,2.22791,8.14897
133.8,2.22952,8.14861
133.9,2.23118,8.14895
134,2.23286,8.15033
134.1,2.23451,8.1498
134.2,2.23621,8.14966
134.3,2.2379,8.14988
134.4,2.23946,8.14746
134.5,2.24135,8.15416
134.6,2.24329,8.15801
134.7,2.24507,8.15849
134.8,2.24661,8.1546
134.9,2.24819,8.15333
135,2.24985,8.15415
135.1,2.25141,8.15162
135.2,2.25306,8.15206
135.3,2.25472,8.15346
135.4,2.25641,8.15364
135.5,2.25813,8.15578
135.6,2.25984,8.15711
135.7,2.26143,8.15372
135.8,2.26294,8.15152
135.9,2.26471,8.15699
136,2.26657,8.16073
136.1,2.26831,8.16115
136.2,2.26992,8.15922
136.3,2.27161,8.16129
136.4,2.27333,8.16271
136.5,2.27501,8.16334
136.6,2.27661,8.16058
136.7,2.27821,8.16011
136.8,2.27985,8.15979
136.9,2.28148,8.1593
137,2.28312,8.15918
137.1,2.28474,8.15947
137.2,2.28639,8.16101
137.3,2.28804,8.16125
137.4,2.28971,8.16105
137.5,2.29136,8.1608
137.6,2.29302,8.16133
137.7,2.29464,8.15953
137.8,2.29637,8.16184
137.9,2.2982,8.09319
138,2.29991,8.10681
138.1,2.3016,8.1206
138.2,2.30314,8.125
138.3,2.30473,8.12402
138.4,2.30644,8.12508
138.5,2.30813,8.12529
138.6,2.30974,8.1256
138.7,2.31136,8.12806
138.8,2.313,8.12771
138.9,2.31465,8.1273
139,2.31631,8.12854
139.1,2.31779,8.12638
139.2,2.31945,8.12964
139.3,2.32122,8.12869
139.4,2.32285,8.12605
139.5,2.32449,8.12834
139.6,2.32615,8.13037
139.7,2.32775,8.12914
139.8,2.32938,8.12892
139.9,2.33104,8.13101
140,2.33273,8.13134
140.1,2.33443,8.13188
140.2,2.3361,8.13207
140.3,2.33777,8.13214
140.4,2.33952,8.13372
140.5,2.34125,8.13414
140.6,2.34295,8.13276
140.7,2.34464,8.13299
140.8,2.34634,8.1283
140.9,2.34805,8.12118
141,2.3497,8.11713
141.1,2.35139,8.11843
141.2,2.35307,8.11787
141.3,2.35476,8.11771
141.4,2.35642,8.11692
141.5,2.35806,8.11678
141.6,2.35968,8.11526
141.7,2.36131,8.11493
141.8,2.36299,8.11532
141.9,2.36467,8.11534
142,2.36619,8.11157
142.1,2.36778,8.11137
142.2,2.36946,8.11146
142.3,2.37117,8.1109
142.4,2.37287,8.11168
142.5,2.37462,8.11386
142.6,2.37641,8.11648
142.7,2.37804,8.11235
142.8,2.37969,8.11239
142.9,2.38136,8.11403
143,2.38303,8.11339
143.1,2.38469,8.11181
143.2,2.38629,8.10982
143.3,2.38791,8.11071
143.4,2.38956,8.1094
143.5,2.39119,8.10817
143.6,2.39281,8.10691
143.7,2.39452,8.10876
143.8,2.39623,8.10764
143.9,2.39787,8.10588
144,2.39946,8.10265
144.1,2.40115,8.10455
144.2,2.40283,8.10376
144.3,2.40456,8.10516
144.4,2.40632,8.10599
144.5,2.40807,8.10585
144.6,2.40975,8.10442
144.7,2.41134,8.10239
144.8,2.41294,8.10015
144.9,2.41455,8.09992
145,2.41619,8.09741
145.1,2.41783,8.09589
145.2,2.41937,8.09326
145.3,2.42089,8.09189
145.4,2.42256,8.09209
145.5,2.42428,8.09107
145.6,2.42595,8.08952
145.7,2.42755,8.08796
145.8,2.42937,8.08999
145.9,2.43118,8.09043
146,2.43294,8.08694
146.1,2.43475,8.02195
146.2,2.43647,8.03395
146.3,2.43817,8.04518
146.4,2.43987,8.04497
146.5,2.44149,8.04188
146.6,2.44308,8.04262
146.7,2.44474,8.04176
146.8,2.44644,8.04172
146.9,2.44807,8.03951
147,2.44969,8.03988
147.1,2.45135,8.03906
147.2,2.45294,8.03864
147.3,2.45456,8.03831
147.4,2.45622,8.0379
147.5,2.45798,8.04
147.6,2.45971,8.03981
147.7,2.46141,8.04139
147.8,2.46304,8.03991
147.9,2.46467,8.04093
148,2.46623,8.04043
148.1,2.46786,8.03992
148.2,2.46949,8.03898
148.3,2.47107,8.03822
148.4,2.47273,8.03903
148.5,2.47441,8.0377
148.6,2.47611,8.03563
148.7,2.47777,8.03619
148.8,2.47939,8.03514
148.9,2.48105,8.03475
149,2.48272,8.03544
149.1,2.48454,8.03661
149.2,2.48616,8.03361
149.3,2.48777,8.02918
149.4,2.48947,8.02
149.5,2.49118,8.01695
149.6,2.49292,8.01712
149.7,2.49457,8.0156
149.8,2.49623,8.01579
149.9,2.4979,8.01728
150,2.4997,8.01943
150.1,2.50147,8.02144
150.2,2.50314,8.02022
150.3,2.50469,8.01802
150.4,2.50635,8.01932
150.5,2.50807,8.01971
150.6,2.50965,8.01678
150.7,2.51119,8.01702
150.8,2.51321,8.0248
150.9,2.51498,8.02283
151,2.51666,8.02353
151.1,2.51828,8.02355
151.2,2.51991,8.02522
151.3,2.52156,8.02507
151.4,2.52315,8.02478
151.5,2.52474,8.02413
151.6,2.52635,8.02528
151.7,2.52804,8.02668
151.8,2.52978,8.02711
151.9,2.53145,8.02816
152,2.53311,8.02735
152.1,2.53477,8.02692
152.2,2.53633,8.02611
152.3,2.53819,8.03317
152.4,2.53994,8.0319
152.5,2.5416,8.03038
152.6,2.54322,8.02957
152.7,2.54482,8.02914
152.8,2.54637,8.02698
152.9,2.54797,8.02737
153,2.54954,8.02471
153.1,2.55118,8.02146
153.2,2.55277,7.94861
153.3,2.55436,7.96687
153.4,2.55595,7.97188
153.5,2.55757,7.97113
153.6,2.55925,7.97098
153.7,2.561,7.97274
153.8,2.56279,7.97291
153.9,2.56448,7.97472
154,2.56613,7.9751
154.1,2.56788,7.97912
154.2,2.56973,7.9793
154.3,2.5715,7.9812
154.4,2.57316,7.9806
154.5,2.57473,7.98057
154.6,2.57637,7.98025
154.7,2.57795,7.97846
154.8,2.5795,7.97777
154.9,2.58115,7.97858
155,2.58278,7.97615
155.1,2.58438,7.97499
155.2,2.58599,7.97699
155.3,2.58764,7.97715
155.4,2.58931,7.97579
155.5,2.59097,7.97612
155.6,2.59271,7.97828
155.7,2.59448,7.97888
155.8,2.59626,7.97977
155.9,2.59803,7.98293
156,2.59991,7.98579
156.1,2.60154,7.9823
156.2,2.6031,7.97922
156.3,2.6048,7.96753
156.4,2.6065,7.96085
156.5,2.60814,7.95969
156.6,2.60974,7.95882
156.7,2.61139,7.95917
156.8,2.61308,7.95885
156.9,2.61474,7.95855
157,2.61637,7.95812
157.1,2.618,7.96001
157.2,2.61963,7.95954
157.3,2.62123,7.95919
157.4,2.62284,7.95869
157.5,2.62462,7.96191
157.6,2.62633,7.9616
157.7,2.62796,7.96017
157.8,2.62956,7.9585
157.9,2.63121,7.96007
158,2.63285,7.9604
158.1,2.6345,7.95987
158.2,2.63618,7.96251
158.3,2.63785,7.96158
158.4,2.63953,7.96112
158.5,2.64122,7.96167
158.6,2.64296,7.9643
158.7,2.64463,7.96298
158.8,2.64634,7.96371
158.9,2.64821,7.96782
159,2.64993,7.96705
159.1,2.65155,7.9664
159.2,2.65324,7.96926
159.3,2.65482,7.96709
159.4,2.65639,7.96715
159.5,2.65805,7.9671
159.6,2.65973,7.96629
159.7,2.66134,7.96686
159.8,2.66298,7.96707
159.9,2.66457,7.96546
160,2.66622,7.96752
160.1,2.66799,7.96965
160.2,2.66976,7.97007
160.3,2.67143,7.96979
160.4,2.67308,7.9692
160.5,2.67499,7.96923
160.6,2.67654,7.89517
160.7,2.67826,7.91305
160.8,2.67996,7.91498
160.9,2.68157,7.9133
161,2.68321,7.91437
161.1,2.68472,7.91228
161.2,2.68632,7.91603
161.3,2.68794,7.9144
161.4,2.68955,7.91582
161.5,2.69114,7.91466
161.6,2.69275,7.91413
161.7,2.69444,7.91733
161.8,2.69617,7.91731
161.9,2.69787,7.91803
162,2.6995,7.9194
162.1,2.70128,7.92178
162.2,2.70315,7.92608
162.3,2.70485,7.92368
162.4,2.70637,7.92596
162.5,2.70809,7.93041
162.6,2.70985,7.92879
162.7,2.7115,7.92779
162.8,2.71307,7.92726
162.9,2.71467,7.92741
163,2.71628,7.92736
163.1,2.71789,7.92609
163.2,2.71949,7.92371
163.3,2.72106,7.90982
163.4,2.72269,7.90271
163.5,2.72437,7.90235
163.6,2.72606,7.90346
163.7,2.7278,7.90492
163.8,2.72965,7.90961
163.9,2.7311,7.90266
164,2.73279,7.9082
164.1,2.73464,7.90846
164.2,2.7364,7.91124
164.3,2.73805,7.90918
164.4,2.73965,7.90861
164.5,2.74131,7.90774
164.6,2.74286,7.90453
164.7,2.74453,7.90654
164.8,2.7462,7.90472
164.9,2.74784,7.90312
165,2.74948,7.90239
165.1,2.75125,7.90726
165.2,2.75279,7.89949
165.3,2.75434,7.90056
165.4,2.75614,7.90397
165.5,2.75794,7.90418
165.6,2.75957,7.90356
165.7,2.76125,7.90317
165.8,2.76293,7.90464
165.9,2.76466,7.90664
166,2.7664,7.90716
166.1,2.76806,7.9063
166.2,2.76971,7.90399
166.3,2.77133,7.90343
166.4,2.77299,7.90253
166.5,2.77463,7.90441
166.6,2.77622,7.89939
166.7,2.77788,7.89364
166.8,2.77956,7.81777
166.9,2.78127,7.84058
167,2.78292,7.83525
167.1,2.78445,7.8377
167.2,2.78609,7.83819
167.3,2.78781,7.83832
167.4,2.7896,7.84021
167.5,2.79133,7.84326
167.6,2.79308,7.84304
167.7,2.79477,7.84416
167.8,2.79657,7.84857
167.9,2.7982,7.84525
168,2.79977,7.84714
168.1,2.80142,7.84568
168.2,2.80312,7.84606
168.3,2.80479,7.84561
168.4,2.80644,7.84462
168.5,2.80791,7.84074
168.6,2.80967,7.84866
168.7,2.81165,7.84539
168.8,2.81342,7.8458
168.9,2.8149,7.84778
169,2.81643,7.84982
169.1,2.81809,7.85096
169.2,2.81971,7.85085
169.3,2.82131,7.84993
169.4,2.82292,7.84853
169.5,2.82454,7.83278
169.6,2.82616,7.82376
169.7,2.82788,7.82385
169.8,2.82954,7.82278
169.9,2.83117,7.82316
170,2.83284,7.82298
170.1,2.83457,7.82485
170.2,2.83623,7.82521
170.3,2.83794,7.82616
170.4,2.83956,7.8257
170.5,2.84138,7.83015
170.6,2.84319,7.83292
170.7,2.84494,7.83442
170.8,2.84658,7.83236
170.9,2.84813,7.83159
171,2.84975,7.83176
171.1,2.85131,7.83163
171.2,2.85288,7.83136
171.3,2.85451,7.83296
171.4,2.8562,7.8338
171.5,2.85789,7.8328
171.6,2.8596,7.83423
171.7,2.86142,7.83592
171.8,2.86311,7.83709
171.9,2.86488,7.83814
172,2.86659,7.83726
172.1,2.86831,7.83945
172.2,2.86999,7.83902
172.3,2.87164,7.8393
172.4,2.87331,7.8406
172.5,2.87505,7.84127
172.6,2.87676,7.83896
172.7,2.87837,7.83181
172.8,2.8799,7.74703
172.9,2.88149,7.76495
173,2.88304,7.76647
173.1,2.88461,7.76682
173.2,2.88622,7.76502
173.3,2.88781,7.7675
173.4,2.88948,7.76675
173.5,2.89119,7.76874
173.6,2.89285,7.77148
173.7,2.89449,7.77277
173.8,2.89627,7.77614
173.9,2.89815,7.77964
174,2.89985,7.77968
174.1,2.90154,7.78282
174.2,2.90315,7.78208
174.3,2.90473,7.78339
174.4,2.90638,7.78386
174.5,2.90803,7.7819
174.6,2.90963,7.78324
174.7,2.91116,7.78321
174.8,2.91275,7.78251
174.9,2.9144,7.77185
175,2.91609,7.75487
175.1,2.91764,7.74964
175.2,2.91929,7.75238
175.3,2.92103,7.75244
175.4,2.92274,7.75314
175.5,2.92445,7.75517
175.6,2.92623,7.75767
175.7,2.92792,7.75548
175.8,2.92954,7.75688
175.9,2.93125,7.75867
176,2.93295,7.75752
176.1,2.93459,7.75543
176.2,2.93621,7.75605
176.3,2.93797,7.75736
176.4,2.93979,7.75928
176.5,2.94155,7.75883
176.6,2.94329,7.75951
176.7,2.94492,7.75778
176.8,2.94661,7.76031
176.9,2.9483,7.75982
177,2.94992,7.75946
177.1,2.95155,7.7578
177.2,2.95313,7.75598
177.3,2.95479,7.75498
177.4,2.95641,7.75307
177.5,2.95808,7.75479
177.6,2.95977,7.75405
177.7,2.96138,7.75276
177.8,2.963,7.75199
177.9,2.96459,7.7502
178,2.96617,7.75111
178.1,2.96792,7.75301
178.2,2.9697,7.75237
178.3,2.97137,7.75175
178.4,2.97295,7.74938
178.5,2.97465,7.75166
178.6,2.97645,7.75063
178.7,2.97805,7.74412
178.8,2.97966,7.63801
178.9,2.9813,7.66318
179,2.98287,7.66304
179.1,2.98446,7.66202
179.2,2.98597,7.6605
179.3,2.98747,7.65989
179.4,2.98907,7.65853
179.5,2.99067,7.65858
179.6,2.99231,7.65853
179.7,2.99404,7.66088
179.8,2.99576,7.66085
179.9,2.99748,7.66088
180,2.99924,7.66355
180.1,3.00098,7.6635
180.2,3.00266,7.66187
180.3,3.00435,7.66279
180.4,3.00617,7.66532
180.5,3.00799,7.66755
180.6,3.00978,7.66683
180.7,3.0114,7.66963
180.8,3.01309,7.66828
180.9,3.01482,7.66732
181,3.01643,7.66673
181.1,3.018,7.65703
181.2,3.01958,7.63372
181.3,3.02115,7.62979
181.4,3.02279,7.62871
181.5,3.02443,7.62597
181.6,3.02608,7.62464
181.7,3.02772,7.62588
181.8,3.0295,7.62541
181.9,3.03125,7.62527
182,3.03296,7.62528
182.1,3.0347,7.62544
182.2,3.03638,7.62584
182.3,3.03804,7.62537
182.4,3.0397,7.62548
182.5,3.04137,7.62407
182.6,3.04311,7.62535
182.7,3.04483,7.6249
182.8,3.04655,7.62456
182.9,3.04821,7.62307
183,3.04985,7.62277
183.1,3.0515,7.62395
183.2,3.05317,7.62495
183.3,3.05483,7.6244
183.4,3.0564,7.6225
183.5,3.05815,7.62441
183.6,3.05984,7.62199
183.7,3.06148,7.62343
183.8,3.0631,7.62285
183.9,3.06471,7.62317
184,3.06636,7.62174
184.1,3.06802,7.62099
184.2,3.06959,7.61988
184.3,3.07112,7.61628
184.4,3.07274,7.61524
184.5,3.07448,7.50208
184.6,3.07621,7.52952
184.7,3.07785,7.53279
184.8,3.07947,7.53538
184.9,3.08115,7.53431
185,3.08285,7.53717
185.1,3.08461,7.53792
185.2,3.08629,7.54011
185.3,3.08797,7.53922
185.4,3.08973,7.53981
185.5,3.09145,7.54051
185.6,3.09307,7.54212
185.7,3.09469,7.54232
185.8,3.09639,7.54316
185.9,3.09801,7.5427
186,3.09963,7.5421
186.1,3.10122,7.54226
186.2,3.10286,7.54259
186.3,3.10456,7.54348
186.4,3.10627,7.54517
186.5,3.10798,7.54451
186.6,3.10964,7.54278
186.7,3.11123,7.54849
186.8,3.11323,7.54732
186.9,3.11513,7.54725
187,3.11669,7.5487
187.1,3.11823,7.55063
187.2,3.11983,7.55109
187.3,3.1214,7.54925
187.4,3.12303,7.52612
187.5,3.12467,7.51615
187.6,3.12637,7.51281
187.7,3.128,7.51273
187.8,3.12964,7.51398
187.9,3.13128,7.51512
188,3.13292,7.51703
188.1,3.13456,7.51932
188.2,3.13614,7.51962
188.3,3.13798,7.524
188.4,3.13975,7.52269
188.5,3.14142,7.52498
188.6,3.14315,7.52621
188.7,3.14481,7.52617
188.8,3.14641,7.52429
188.9,3.14804,7.52619
189,3.14969,7.52316
189.1,3.15134,7.5225
189.2,3.15295,7.52346
189.3,3.1545,7.5214
189.4,3.15612,7.52302
189.5,3.15779,7.52359
189.6,3.15951,7.52322
189.7,3.16121,7.52326
189.8,3.16283,7.52316
189.9,3.16448,7.5266
190,3.16609,7.52473
190.1,3.16778,7.52512
190.2,3.16962,7.52716
190.3,3.17141,7.52905
190.4,3.17313,7.52764
190.5,3.17477,7.52829
190.6,3.17638,7.52754
190.7,3.17804,7.52497
190.8,3.17971,7.4127
190.9,3.18139,7.43219
191,3.18298,7.43176
191.1,3.18455,7.43472
191.2,3.18617,7.4355
191.3,3.18783,7.43807
191.4,3.18943,7.43983
191.5,3.19098,7.44225
191.6,3.19271,7.44196
191.7,3.19442,7.44517
191.8,3.19618,7.44777
191.9,3.19787,7.45103
192,3.19955,7.4522
192.1,3.20117,7.45368
192.2,3.20284,7.45598
192.3,3.20456,7.45614
192.4,3.20635,7.46073
192.5,3.20806,7.45908
192.6,3.20973,7.46283
192.7,3.21147,7.45934
192.8,3.21322,7.43874
192.9,3.21481,7.42972
193,3.21639,7.42731
193.1,3.21806,7.42699
193.2,3.21974,7.42599
193.3,3.22135,7.42577
193.4,3.22308,7.42836
193.5,3.22491,7.43153
193.6,3.22658,7.43115
193.7,3.22804,7.42791
193.8,3.22967,7.43006
193.9,3.2314,7.4333
194,3.23304,7.43284
194.1,3.23467,7.43237
194.2,3.23635,7.43213
194.3,3.23803,7.43067
194.4,3.23969,7.43067
194.5,3.24144,7.43055
194.6,3.24316,7.43145
194.7,3.24479,7.42969
194.8,3.24642,7.432
194.9,3.24805,7.43033
195,3.24965,7.42939
195.1,3.25128,7.42984
195.2,3.25285,7.4283
195.3,3.25441,7.42789
195.4,3.25601,7.4268
195.5,3.25764,7.42709
195.6,3.25926,7.42601
195.7,3.26086,7.42551
195.8,3.26247,7.4257
195.9,3.26416,7.42549
196,3.26576,7.42313
196.1,3.26747,7.4238
196.2,3.26921,7.4228
196.3,3.27097,7.42346
196.4,3.27271,7.42317
196.5,3.27438,7.42482
196.6,3.27613,7.41781
196.7,3.27794,7.42082
196.8,3.27977,7.33457
196.9,3.28146,7.31182
197,3.28314,7.31577
197.1,3.28473,7.3197
197.2,3.2864,7.32054
197.3,3.28805,7.32198
197.4,3.28966,7.32499
197.5,3.29133,7.32452
197.6,3.29293,7.32672
197.7,3.29447,7.33064
197.8,3.29621,7.33134
197.9,3.29789,7.33121
198,3.29946,7.33352
198.1,3.30123,7.3347
198.2,3.30302,7.33671
198.3,3.30475,7.33984
198.4,3.30648,7.34243
198.5,3.30823,7.34464
198.6,3.30999,7.34525
198.7,3.31156,7.34451
198.8,3.31309,7.34731
198.9,3.31475,7.34679
199,3.31637,7.33965
199.1,3.31819,7.32798
199.2,3.31964,7.31418
199.3,3.32106,7.31813
199.4,3.32269,7.31935
199.5,3.32437,7.3198
199.6,3.32603,7.32077
199.7,3.32771,7.32348
199.8,3.32942,7.32376
199.9,3.33099,7.32406
200,3.33281,7.33059
200.1,3.33468,7.33222
200.2,3.33636,7.33281
200.3,3.33808,7.33369
200.4,3.33978,7.33434
200.5,3.34168,7.34315
200.6,3.34326,7.33701
200.7,3.3447,7.33912
200.8,3.34647,7.34534
200.9,3.34833,7.34656
201,3.34998,7.34559
201.1,3.35153,7.3422
201.2,3.35297,7.33629
201.3,3.35458,7.24993
201.4,3.35644,7.256
201.5,3.35824,7.25709
201.6,3.35982,7.26219
201.7,3.36144,7.26363
201.8,3.36304,7.26687
201.9,3.3647,7.26919
202,3.36632,7.27188
202.1,3.36788,7.27193
202.2,3.36947,7.27548
202.3,3.37117,7.27524
202.4,3.37295,7.27586
202.5,3.37449,7.2774
202.6,3.37615,7.28064
202.7,3.37789,7.28243
202.8,3.37954,7.2829
202.9,3.38121,7.28075
203,3.38277,7.28142
203.1,3.3843,7.28083
203.2,3.38588,7.28308
203.3,3.38759,7.2836
203.4,3.38948,7.26765
203.5,3.39115,7.25636
203.6,3.39274,7.25498
203.7,3.39439,7.25397
203.8,3.3961,7.25595
203.9,3.39775,7.25788
204,3.39941,7.25976
204.1,3.40109,7.26233
204.2,3.40283,7.26458
204.3,3.40458,7.26456
204.4,3.40628,7.26622
204.5,3.40789,7.26297
204.6,3.4097,7.26971
204.7,3.41159,7.27144
204.8,3.41323,7.26997
204.884,3.41458,6.9958
204.894,3.41475,6.73035
204.907,3.41496,6.46692
204.955,3.4157,6.21132
204.978,3.41605,5.96046
205.078,3.41761,5.81943
205.178,3.41924,5.85247
205.278,3.42087,5.88493
205.378,3.42249,5.92307
205.478,3.42423,5.96292
205.578,3.42588,5.99317
205.678,3.4275,6.01876
205.778,3.42913,6.04232
205.878,3.43082,6.06601
205.978,3.4325,6.07741
206.078,3.43416,6.03289
206.178,3.43588,6.0379
206.278,3.4375,6.04144
206.378,3.43906,6.04214
206.478,3.44081,6.0448
206.578,3.44259,6.03967
206.678,3.44436,6.04258
206.778,3.44608,6.03953
206.878,3.44771,6.04299
206.978,3.44934,6.04598
207.078,3.45093,6.04679
207.178,3.45249,6.04933
207.278,3.45414,6.04618
207.378,3.4557,6.05249
207.478,3.45723,6.05458
207.578,3.45885,6.05705
207.678,3.46059,6.05656
207.778,3.46228,6.05701
207.878,3.46398,6.06352
207.978,3.46583,6.06105
208.078,3.46753,6.06384
208.178,3.46918,6.06951
208.278,3.47094,6.07051
208.378,3.47271,6.07256
208.478,3.47444,6.07491
208.578,3.47608,6.05704
208.678,3.47779,6.03358
208.778,3.47949,6.03224
208.878,3.48112,6.03469
208.978,3.48285,6.04294
209.078,3.48442,6.04479
209.178,3.48597,6.04913
209.278,3.48761,6.05377
209.378,3.48927,6.05634
209.478,3.49098,6.061
209.578,3.49272,6.06339
209.678,3.49437,6.06492
209.778,3.49617,6.0699
209.878,3.49796,6.07291
209.978,3.49956,6.0773
210.078,3.50124,6.08108
210.178,3.50282,6.08221
210.278,3.50443,6.08457
210.378,3.50615,6.08943
210.478,3.50786,6.09203
210.578,3.50946,6.09449
210.678,3.51106,6.09806
210.778,3.51274,6.09933
210.878,3.5144,6.10212
210.978,3.5161,6.10316
211.078,3.51766,6.10163
211.178,3.51929,6.10433
211.278,3.52108,6.03213
211.378,3.52278,5.99891
211.478,3.52446,6.01142
211.578,3.52624,6.01867
211.678,3.52795,6.02454
211.778,3.52953,6.03168
211.878,3.5311,6.03613
211.978,3.53268,6.03993
212.078,3.5343,6.0461
212.178,3.53593,6.04842
212.278,3.53751,6.05228
212.378,3.53909,6.05481
212.478,3.5408,6.05753
212.578,3.54252,6.06056
212.678,3.5442,6.06041
212.778,3.54582,6.06537
212.878,3.54749,6.0659
212.978,3.54921,6.06611
213.078,3.55088,6.07035
213.178,3.55257,6.06195
213.278,3.55424,6.03067
213.378,3.55592,6.0281
213.478,3.55754,6.02683
213.578,3.55914,6.03017
213.678,3.56075,6.03267
213.778,3.56238,6.03982
213.878,3.56407,6.04329
213.978,3.56579,6.04719
214.078,3.56746,6.04976
214.178,3.56914,6.05359
214.278,3.57081,6.05887
214.378,3.57249,6.06217
214.478,3.57429,6.06867
214.578,3.57621,6.07305
214.678,3.57791,6.07058
214.778,3.5795,6.07231
214.878,3.58116,6.06995
214.978,3.58287,6.07331
215.078,3.58455,6.07201
215.178,3.58614,6.07064
215.278,3.58771,6.0715
215.378,3.58932,6.07149
215.478,3.59096,6.07363
215.578,3.59258,6.075
215.678,3.59415,6.07505
215.778,3.59577,6.00534
215.878,3.59749,5.95854
215.978,3.59915,5.97032
216.078,3.60082,5.98023
216.178,3.60249,5.98692
216.278,3.60416,5.9919
216.378,3.60586,5.99533
216.478,3.60756,6.00197
216.578,3.60932,6.0028
216.678,3.61105,6.00691
216.698,3.61139,6.00785
